 2.53675834e-01 4.47889760e-01  -9.21886878e-02 5.60198201e-01 -1.29419046e-02 4.57048741e-01  -2.16170516e-01 4.36525470e-01 -9.19700638e-01   5.66363784e-01   3.79646398e-02   3.94484404e-03 2.24010365e-03   8.47470825e-04  -1.64683619e-04  -3.08304200e-02 7.19924017e-03   1.76507569e-03   6.36631505e-04  -9.27691375e-04
-0.56269925  0.05948803 -0.66767128  0.14994302 -0.54461141  0.08073579 -0.13748738  0.07758171 -0.51613475  0.21015992  0.00152304  0.0272582   0.02546946  0.02432562  0.02400908  0.02259857  0.02141904  0.01969984  0.01909199  0.01900291
 0.01583758  0.03762118 -0.27625596  0.53389567 -0.21961366  0.15950169 -0.23750961  0.05567458 -0.43287774  0.64744683 -0.01248912 -0.01444007 -0.01241776 -0.01298758 -0.01236227 -0.00926472 -0.01107976 -0.01144181 -0.0104381  -0.01088906
 0.09652243  0.13923925 -0.39393234  0.37395651 -0.12625986  0.21970393 -0.35433965  0.11994345 -0.36667904  0.2535478   0.0832771   0.01801941  0.01662164  0.01564905  0.01410927  0.00443297  0.01401789  0.01082576  0.00938491  0.00757329
-0.03497906  0.36215551 -0.21451504  0.61080065 -0.08652049  0.20068281 -0.06851535  0.34202177 -0.56068271  0.65933995 -0.09793953  0.00132685  0.00285319  0.00455276  0.00562639  0.0076249   0.00717107  0.00394971  0.00465309  0.00551625
 0.00263455  0.26776241 -0.21504975  0.4369124  -0.19903785  0.12094343 -0.17940412  0.22534949 -0.46813934  0.47565894 -0.18438979 -0.02377025 -0.01717389 -0.01580132 -0.01416522 -0.00970977 -0.01406683 -0.01311957 -0.00988635 -0.00964676
-0.39380968  0.16467182 -0.53943963  0.34213135 -0.38059118  0.11019867 -0.31505999  0.15240129 -0.54966878  0.45267853 -0.08309201 -0.00662155 -0.00510587 -0.00421963 -0.00348985  0.00258815 -0.00259491 -0.00398823 -0.00298961 -0.00267678
-0.2124314   0.31759806 -0.78713504  0.58975019 -0.51665244  0.37312615 -0.29841541  0.36927035 -0.63154696  0.62545287 -0.14299432 -0.0037221  -0.0040528  -0.00413255 -0.00297115  0.03406602 -0.00304682 -0.00363852 -0.00348785 -0.00317714
 0.21791798  0.17957015 -0.30110437  0.58521463 -0.07800879  0.2808635  -0.41228703  0.22678391 -0.49059644  0.63061436 -0.05310857  0.03281773  0.03372688  0.03189266  0.0307502   0.01898318  0.02915375  0.02751638  0.02787705  0.02609928
-0.05101628  0.23376677 -0.31001292  0.54129723 -0.2273516   0.13902888 -0.24016688  0.20265719 -0.38145637  0.54797247 -0.08580148  0.02210404  0.01931086  0.01829066  0.01792282  0.00929438  0.01270159  0.0091952   0.00746741  0.00684791[  2.53675834e-01   4.47889760e-01  -9.21886878e-02   5.60198201e-01
  -1.29419046e-02   4.57048741e-01  -2.16170516e-01   4.36525470e-01
  -9.19700638e-01   5.66363784e-01   3.79646398e-02   3.94484404e-03
   2.24010365e-03   8.47470825e-04  -1.64683619e-04  -3.08304200e-02
   7.19924017e-03   1.76507569e-03   6.36631505e-04  -9.27691375e-04]
[-0.56269925  0.05948803 -0.66767128  0.14994302 -0.54461141  0.08073579
 -0.13748738  0.07758171 -0.51613475  0.21015992  0.00152304  0.0272582
  0.02546946  0.02432562  0.02400908  0.02259857  0.02141904  0.01969984
  0.01909199  0.01900291]
[ 0.01583758  0.03762118 -0.27625596  0.53389567 -0.21961366  0.15950169
 -0.23750961  0.05567458 -0.43287774  0.64744683 -0.01248912 -0.01444007
 -0.01241776 -0.01298758 -0.01236227 -0.00926472 -0.01107976 -0.01144181
 -0.0104381  -0.01088906]
[ 0.09652243  0.13923925 -0.39393234  0.37395651 -0.12625986  0.21970393
 -0.35433965  0.11994345 -0.36667904  0.2535478   0.0832771   0.01801941
  0.01662164  0.01564905  0.01410927  0.00443297  0.01401789  0.01082576
  0.00938491  0.00757329]
[-0.03497906  0.36215551 -0.21451504  0.61080065 -0.08652049  0.20068281
 -0.06851535  0.34202177 -0.56068271  0.65933995 -0.09793953  0.00132685
  0.00285319  0.00455276  0.00562639  0.0076249   0.00717107  0.00394971
  0.00465309  0.00551625]
[ 0.00263455  0.26776241 -0.21504975  0.4369124  -0.19903785  0.12094343
 -0.17940412  0.22534949 -0.46813934  0.47565894 -0.18438979 -0.02377025
 -0.01717389 -0.01580132 -0.01416522 -0.00970977 -0.01406683 -0.01311957
 -0.00988635 -0.00964676]
[-0.39380968  0.16467182 -0.53943963  0.34213135 -0.38059118  0.11019867
 -0.31505999  0.15240129 -0.54966878  0.45267853 -0.08309201 -0.00662155
 -0.00510587 -0.00421963 -0.00348985  0.00258815 -0.00259491 -0.00398823
 -0.00298961 -0.00267678]
[-0.2124314   0.31759806 -0.78713504  0.58975019 -0.51665244  0.37312615
 -0.29841541  0.36927035 -0.63154696  0.62545287 -0.14299432 -0.0037221
 -0.0040528  -0.00413255 -0.00297115  0.03406602 -0.00304682 -0.00363852
 -0.00348785 -0.00317714]
[ 0.21791798  0.17957015 -0.30110437  0.58521463 -0.07800879  0.2808635
 -0.41228703  0.22678391 -0.49059644  0.63061436 -0.05310857  0.03281773
  0.03372688  0.03189266  0.0307502   0.01898318  0.02915375  0.02751638
  0.02787705  0.02609928]
[-0.05101628  0.23376677 -0.31001292  0.54129723 -0.2273516   0.13902888
 -0.24016688  0.20265719 -0.38145637  0.54797247 -0.08580148  0.02210404
  0.01931086  0.01829066  0.01792282  0.00929438  0.01270159  0.0091952
  0.00746741  0.00684791]
[  2.53675834e-01   4.47889760e-01  -9.21886878e-02   5.60198201e-01
  -1.29419046e-02   4.57048741e-01  -2.16170516e-01   4.36525470e-01
  -9.19700638e-01   5.66363784e-01   3.79646398e-02   3.94484404e-03
   2.24010365e-03   8.47470825e-04  -1.64683619e-04  -3.08304200e-02
   7.19924017e-03   1.76507569e-03   6.36631505e-04  -9.27691375e-04]
[-0.56269925  0.05948803 -0.66767128  0.14994302 -0.54461141  0.08073579
 -0.13748738  0.07758171 -0.51613475  0.21015992  0.00152304  0.0272582
  0.02546946  0.02432562  0.02400908  0.02259857  0.02141904  0.01969984
  0.01909199  0.01900291]
[ 0.01583758  0.03762118 -0.27625596  0.53389567 -0.21961366  0.15950169
 -0.23750961  0.05567458 -0.43287774  0.64744683 -0.01248912 -0.01444007
 -0.01241776 -0.01298758 -0.01236227 -0.00926472 -0.01107976 -0.01144181
 -0.0104381  -0.01088906]
[ 0.09652243  0.13923925 -0.39393234  0.37395651 -0.12625986  0.21970393
 -0.35433965  0.11994345 -0.36667904  0.2535478   0.0832771   0.01801941
  0.01662164  0.01564905  0.01410927  0.00443297  0.01401789  0.01082576
  0.00938491  0.00757329]
[-0.03497906  0.36215551 -0.21451504  0.61080065 -0.08652049  0.20068281
 -0.06851535  0.34202177 -0.56068271  0.65933995 -0.09793953  0.00132685
  0.00285319  0.00455276  0.00562639  0.0076249   0.00717107  0.00394971
  0.00465309  0.00551625]
[ 0.00263455  0.26776241 -0.21504975  0.4369124  -0.19903785  0.12094343
 -0.17940412  0.22534949 -0.46813934  0.47565894 -0.18438979 -0.02377025
 -0.01717389 -0.01580132 -0.01416522 -0.00970977 -0.01406683 -0.01311957
 -0.00988635 -0.00964676]
[-0.39380968  0.16467182 -0.53943963  0.34213135 -0.38059118  0.11019867
 -0.31505999  0.15240129 -0.54966878  0.45267853 -0.08309201 -0.00662155
 -0.00510587 -0.00421963 -0.00348985  0.00258815 -0.00259491 -0.00398823
 -0.00298961 -0.00267678]
[-0.2124314   0.31759806 -0.78713504  0.58975019 -0.51665244  0.37312615
 -0.29841541  0.36927035 -0.63154696  0.62545287 -0.14299432 -0.0037221
 -0.0040528  -0.00413255 -0.00297115  0.03406602 -0.00304682 -0.00363852
 -0.00348785 -0.00317714]
[ 0.21791798  0.17957015 -0.30110437  0.58521463 -0.07800879  0.2808635
 -0.41228703  0.22678391 -0.49059644  0.63061436 -0.05310857  0.03281773
  0.03372688  0.03189266  0.0307502   0.01898318  0.02915375  0.02751638
  0.02787705  0.02609928]
[-0.05101628  0.23376677 -0.31001292  0.54129723 -0.2273516   0.13902888
 -0.24016688  0.20265719 -0.38145637  0.54797247 -0.08580148  0.02210404
  0.01931086  0.01829066  0.01792282  0.00929438  0.01270159  0.0091952
  0.00746741  0.00684791]
