43.325000000000003, 89.300000000000011, 100.95, 195.625, 207.27500000000001, 219.32500000000002, 235.625, 249.60000000000002, 300.67500000000001, 318.02500000000003, 333.17500000000001, 341.85000000000002, 353.92500000000001
90.825000000000003, 103.125, 198.15000000000001, 209.67500000000001, 226.90000000000001, 248.22500000000002, 302.47500000000002, 320.15000000000003, 335.20000000000005, 345.07500000000005, 369.82500000000005
41.300000000000004, 88.875, 100.85000000000001, 122.30000000000001, 178.42500000000001, 196.125, 206.90000000000001, 219.5, 234.65000000000001, 247.0, 300.44999999999999, 317.42500000000001, 327.35000000000002, 337.10000000000002, 346.90000000000003, 368.95000000000005
92.625, 105.95, 199.5, 211.125, 235.55000000000001, 303.125, 321.07500000000005, 336.22500000000002, 347.30000000000001
45.0, 90.300000000000011, 102.40000000000001, 177.5, 198.67500000000001, 208.95000000000002, 222.875, 239.40000000000001, 253.15000000000001, 299.97500000000002, 315.60000000000002, 326.60000000000002, 336.92500000000001, 346.15000000000003, 367.35000000000002
91.800000000000011, 104.075, 198.45000000000002, 209.57500000000002, 226.80000000000001, 249.05000000000001, 301.625, 318.92500000000001, 334.47500000000002, 343.35000000000002, 356.25
90.450000000000003, 102.55000000000001, 124.52500000000001, 171.375, 197.80000000000001, 208.0, 221.125, 238.90000000000001, 254.375, 299.65000000000003, 315.375, 327.17500000000001, 337.375, 347.10000000000002, 368.07500000000005, 391.17500000000001
91.825000000000003, 104.55000000000001, 198.15000000000001, 209.10000000000002, 225.55000000000001, 248.90000000000001, 301.97500000000002, 319.625, 334.95000000000005, 344.10000000000002, 368.25
23.125, 65.375, 91.300000000000011, 103.575, 166.80000000000001, 179.25, 197.5, 206.55000000000001, 216.77500000000001, 229.52500000000001, 248.05000000000001, 295.82499999999999, 309.67500000000001, 322.25, 335.20000000000005, 343.0, 353.27500000000003, 386.15000000000003
94.475000000000009, 114.47500000000001, 199.75, 211.32500000000002, 238.30000000000001, 303.90000000000003, 321.55000000000001, 336.52500000000003, 348.15000000000003
90.525000000000006, 103.15000000000001, 176.125, 198.70000000000002, 208.75, 222.45000000000002, 240.17500000000001, 300.17500000000001, 317.27500000000003, 330.10000000000002, 338.72500000000002, 348.85000000000002, 368.92500000000001
90.900000000000006, 103.375, 176.35000000000002, 199.15000000000001, 209.30000000000001, 223.90000000000001, 247.17500000000001, 301.05000000000001, 318.40000000000003, 333.72500000000002, 341.95000000000005, 353.10000000000002, 387.125
90.875, 103.35000000000001, 176.27500000000001, 199.125, 209.25, 223.77500000000001, 247.07500000000002, 301.10000000000002, 318.40000000000003, 333.75, 342.0, 353.20000000000005, 387.15000000000003
90.850000000000009, 103.325, 176.20000000000002, 199.125, 209.25, 223.77500000000001, 247.07500000000002, 301.125, 318.375, 333.75, 342.0, 353.25, 387.125
90.850000000000009, 103.30000000000001, 176.125, 199.125, 209.25, 223.75, 247.05000000000001, 301.125, 318.32500000000005, 333.75, 342.02500000000003, 353.30000000000001, 387.125
90.825000000000003, 103.27500000000001, 174.75, 198.90000000000001, 209.05000000000001, 223.35000000000002, 246.72500000000002, 301.15000000000003, 318.30000000000001, 333.75, 342.02500000000003, 353.30000000000001, 387.125
90.775000000000006, 103.22500000000001, 176.375, 199.125, 209.27500000000001, 223.90000000000001, 246.90000000000001, 301.22500000000002, 318.32500000000005, 333.72500000000002, 342.02500000000003, 353.32500000000005, 387.17500000000001
90.75, 103.17500000000001, 176.22500000000002, 199.10000000000002, 209.22500000000002, 223.72500000000002, 246.77500000000001, 301.19999999999999, 318.27500000000003, 333.70000000000005, 342.0, 353.30000000000001, 387.125
90.75, 103.17500000000001, 176.17500000000001, 199.07500000000002, 209.20000000000002, 223.65000000000001, 246.72500000000002, 301.22500000000002, 318.25, 333.70000000000005, 342.02500000000003, 353.35000000000002, 387.125
90.75, 103.15000000000001, 176.10000000000002, 199.07500000000002, 209.20000000000002, 223.65000000000001, 246.70000000000002, 301.22500000000002, 318.22500000000002, 333.70000000000005, 342.02500000000003, 353.375, 387.10000000000002
90.225, 102.625, 176.025, 199.35, 209.5, 223.625, 246.15, 301.35, 317.95, 333.7, 342.375, 353.475, 387.025