[90.025000000000006, 102.22500000000001, 176.82500000000002, 199.5, 209.65000000000001, 223.72500000000002, 246.32500000000002, 300.80000000000001, 317.42500000000001, 333.52500000000003, 342.05000000000001, 353.32500000000005, 387.10000000000002][89.575000000000003, 101.575, 123.30000000000001, 198.30000000000001, 208.90000000000001, 222.125, 245.85000000000002, 300.80000000000001, 317.125, 333.80000000000001, 342.52500000000003, 353.92500000000001, 387.95000000000005][89.575000000000003, 101.65000000000001, 198.125, 208.72500000000002, 221.70000000000002, 240.02500000000001, 300.69999999999999, 317.17500000000001, 333.75, 342.42500000000001, 353.75, 388.20000000000005][45.900000000000006, 89.75, 101.65000000000001, 123.5, 197.92500000000001, 208.5, 221.27500000000001, 239.05000000000001, 300.52500000000003, 316.65000000000003, 333.40000000000003, 342.0, 353.15000000000003, 387.5][89.900000000000006, 102.05000000000001, 197.97500000000002, 208.60000000000002, 221.67500000000001, 240.0, 300.75, 317.42500000000001, 333.75, 342.375, 353.625, 387.97500000000002][89.75, 101.875, 197.60000000000002, 208.25, 221.07500000000002, 238.82500000000002, 300.57499999999999, 317.07500000000005, 333.45000000000005, 341.97500000000002, 353.07500000000005, 387.35000000000002][89.675000000000011, 101.77500000000001, 123.875, 197.30000000000001, 207.97500000000002, 220.40000000000001, 238.125, 300.42500000000001, 316.55000000000001, 333.125, 341.57500000000005, 352.57500000000005, 386.875][89.675000000000011, 101.90000000000001, 176.97500000000002, 199.22500000000002, 209.22500000000002, 222.125, 239.5, 300.42500000000001, 316.90000000000003, 333.20000000000005, 341.625, 352.625, 386.97500000000002][89.775000000000006, 102.0, 177.05000000000001, 199.35000000000002, 209.375, 222.57500000000002, 240.5, 300.52500000000003, 317.05000000000001, 333.30000000000001, 341.75, 352.82500000000005, 386.97500000000002][89.850000000000009, 102.05000000000001, 177.05000000000001, 199.45000000000002, 209.47500000000002, 222.92500000000001, 245.57500000000002, 300.625, 317.15000000000003, 333.375, 341.82500000000005, 352.95000000000005, 386.95000000000005][89.900000000000006, 102.10000000000001, 177.05000000000001, 199.47500000000002, 209.52500000000001, 223.125, 245.75, 300.67500000000001, 317.20000000000005, 333.40000000000003, 341.875, 353.02500000000003, 386.97500000000002][89.925000000000011, 102.125, 177.02500000000001, 199.5, 209.57500000000002, 223.30000000000001, 245.90000000000001, 300.69999999999999, 317.27500000000003, 333.45000000000005, 341.92500000000001, 353.10000000000002, 387.0][89.975000000000009, 102.15000000000001, 177.0, 199.5, 209.60000000000002, 223.45000000000002, 246.05000000000001, 300.75, 317.32500000000005, 333.47500000000002, 341.97500000000002, 353.17500000000001, 387.02500000000003][90.0, 102.17500000000001, 176.95000000000002, 199.5, 209.625, 223.57500000000002, 246.15000000000001, 300.77500000000003, 317.375, 333.5, 342.0, 353.22500000000002, 387.05000000000001][90.0, 102.2, 176.90000000000001, 199.5, 209.625, 223.625, 246.22500000000002, 300.80000000000001, 317.40000000000003, 333.52500000000003, 342.05000000000001, 353.30000000000001, 387.07500000000005][90.025000000000006, 102.22500000000001, 176.82500000000002, 199.5, 209.65000000000001, 223.72500000000002, 246.32500000000002, 300.80000000000001, 317.42500000000001, 333.52500000000003, 342.05000000000001, 353.32500000000005, 387.10000000000002][89.575000000000003, 101.575, 123.30000000000001, 198.30000000000001, 208.90000000000001, 222.125, 245.85000000000002, 300.80000000000001, 317.125, 333.80000000000001, 342.52500000000003, 353.92500000000001, 387.95000000000005]
[89.575000000000003, 101.65000000000001, 198.125, 208.72500000000002, 221.70000000000002, 240.02500000000001, 300.69999999999999, 317.17500000000001, 333.75, 342.42500000000001, 353.75, 388.20000000000005]
[45.900000000000006, 89.75, 101.65000000000001, 123.5, 197.92500000000001, 208.5, 221.27500000000001, 239.05000000000001, 300.52500000000003, 316.65000000000003, 333.40000000000003, 342.0, 353.15000000000003, 387.5]
[89.900000000000006, 102.05000000000001, 197.97500000000002, 208.60000000000002, 221.67500000000001, 240.0, 300.75, 317.42500000000001, 333.75, 342.375, 353.625, 387.97500000000002]
[89.75, 101.875, 197.60000000000002, 208.25, 221.07500000000002, 238.82500000000002, 300.57499999999999, 317.07500000000005, 333.45000000000005, 341.97500000000002, 353.07500000000005, 387.35000000000002]
[89.675000000000011, 101.77500000000001, 123.875, 197.30000000000001, 207.97500000000002, 220.40000000000001, 238.125, 300.42500000000001, 316.55000000000001, 333.125, 341.57500000000005, 352.57500000000005, 386.875]
[89.675000000000011, 101.90000000000001, 176.97500000000002, 199.22500000000002, 209.22500000000002, 222.125, 239.5, 300.42500000000001, 316.90000000000003, 333.20000000000005, 341.625, 352.625, 386.97500000000002]
[89.775000000000006, 102.0, 177.05000000000001, 199.35000000000002, 209.375, 222.57500000000002, 240.5, 300.52500000000003, 317.05000000000001, 333.30000000000001, 341.75, 352.82500000000005, 386.97500000000002]
[89.850000000000009, 102.05000000000001, 177.05000000000001, 199.45000000000002, 209.47500000000002, 222.92500000000001, 245.57500000000002, 300.625, 317.15000000000003, 333.375, 341.82500000000005, 352.95000000000005, 386.95000000000005]
[89.900000000000006, 102.10000000000001, 177.05000000000001, 199.47500000000002, 209.52500000000001, 223.125, 245.75, 300.67500000000001, 317.20000000000005, 333.40000000000003, 341.875, 353.02500000000003, 386.97500000000002]
[89.925000000000011, 102.125, 177.02500000000001, 199.5, 209.57500000000002, 223.30000000000001, 245.90000000000001, 300.69999999999999, 317.27500000000003, 333.45000000000005, 341.92500000000001, 353.10000000000002, 387.0]
[89.975000000000009, 102.15000000000001, 177.0, 199.5, 209.60000000000002, 223.45000000000002, 246.05000000000001, 300.75, 317.32500000000005, 333.47500000000002, 341.97500000000002, 353.17500000000001, 387.02500000000003]
[90.0, 102.17500000000001, 176.95000000000002, 199.5, 209.625, 223.57500000000002, 246.15000000000001, 300.77500000000003, 317.375, 333.5, 342.0, 353.22500000000002, 387.05000000000001]
[90.0, 102.2, 176.90000000000001, 199.5, 209.625, 223.625, 246.22500000000002, 300.80000000000001, 317.40000000000003, 333.52500000000003, 342.05000000000001, 353.30000000000001, 387.07500000000005]
[90.025000000000006, 102.22500000000001, 176.82500000000002, 199.5, 209.65000000000001, 223.72500000000002, 246.32500000000002, 300.80000000000001, 317.42500000000001, 333.52500000000003, 342.05000000000001, 353.32500000000005, 387.10000000000002]
[43.325000000000003, 89.300000000000011, 100.95, 195.625, 207.27500000000001, 219.32500000000002, 235.625, 249.60000000000002, 300.67500000000001, 318.02500000000003, 333.17500000000001, 341.85000000000002, 353.92500000000001]
[90.050000000000011, 102.25, 197.05000000000001, 208.45000000000002, 222.82500000000002, 239.97500000000002, 301.77500000000003, 319.32500000000005, 334.32500000000005, 343.42500000000001, 368.77500000000003]
[44.175000000000004, 89.775000000000006, 101.80000000000001, 196.125, 207.60000000000002, 221.30000000000001, 238.0, 251.47500000000002, 301.27500000000003, 318.55000000000001, 333.32500000000005, 342.02500000000003, 354.40000000000003]
[90.200000000000003, 102.35000000000001, 196.95000000000002, 208.30000000000001, 222.85000000000002, 240.07500000000002, 259.69999999999999, 302.0, 319.17500000000001, 334.05000000000001, 342.95000000000005, 356.97500000000002]
[45.400000000000006, 90.275000000000006, 102.30000000000001, 196.57500000000002, 207.97500000000002, 222.40000000000001, 239.35000000000002, 253.20000000000002, 301.57499999999999, 318.70000000000005, 333.55000000000001, 342.27500000000003, 354.92500000000001]
[90.375, 102.42500000000001, 196.875, 208.22500000000002, 223.15000000000001, 240.67500000000001, 259.69999999999999, 301.85000000000002, 318.80000000000001, 333.75, 342.52500000000003, 355.45000000000005]
[44.350000000000001, 90.350000000000009, 102.17500000000001, 122.45, 196.35000000000002, 207.72500000000002, 222.25, 239.22500000000002, 252.30000000000001, 301.17500000000001, 318.125, 333.125, 341.72500000000002, 353.85000000000002, 388.0]
[90.600000000000009, 102.80000000000001, 196.875, 208.20000000000002, 223.40000000000001, 241.47500000000002, 301.75, 319.07500000000005, 333.90000000000003, 342.72500000000002, 355.95000000000005]
[43.675000000000004, 90.150000000000006, 102.15000000000001, 123.02500000000001, 178.875, 198.20000000000002, 208.82500000000002, 223.05000000000001, 238.95000000000002, 251.375, 301.125, 318.25, 332.17500000000001, 340.72500000000002, 352.40000000000003, 387.65000000000003]
[91.050000000000011, 103.27500000000001, 197.47500000000002, 208.77500000000001, 225.27500000000001, 247.10000000000002, 302.07499999999999, 319.52500000000003, 334.47500000000002, 343.57500000000005, 368.30000000000001]
[90.475000000000009, 102.72500000000001, 183.02500000000001, 200.10000000000002, 210.55000000000001, 225.85000000000002, 245.5, 301.22500000000002, 318.60000000000002, 333.40000000000003, 341.95000000000005, 353.95000000000005, 388.625]
[90.5, 102.72500000000001, 178.45000000000002, 198.82500000000002, 209.5, 224.875, 245.20000000000002, 301.17500000000001, 318.55000000000001, 333.42500000000001, 341.97500000000002, 353.97500000000002, 388.40000000000003]
[90.5, 102.72500000000001, 178.07500000000002, 198.77500000000001, 209.42500000000001, 224.65000000000001, 245.20000000000002, 301.15000000000003, 318.52500000000003, 333.45000000000005, 342.0, 354.02500000000003, 388.30000000000001]
[90.525000000000006, 102.72500000000001, 177.77500000000001, 198.75, 209.40000000000001, 224.55000000000001, 245.22500000000002, 301.15000000000003, 318.5, 333.47500000000002, 342.02500000000003, 354.05000000000001, 388.20000000000005]
[90.525000000000006, 102.72500000000001, 177.52500000000001, 198.72500000000002, 209.35000000000002, 224.40000000000001, 245.25, 301.125, 318.5, 333.5, 342.07500000000005, 354.125, 388.125]
[43.325000000000003, 89.300000000000011, 100.95, 195.625, 207.27500000000001, 219.32500000000002, 235.625, 249.60000000000002, 300.67500000000001, 318.02500000000003, 333.17500000000001, 341.85000000000002, 353.92500000000001]
[90.325000000000003, 102.60000000000001, 197.5, 208.90000000000001, 224.57500000000002, 245.67500000000001, 302.15000000000003, 319.80000000000001, 334.77500000000003, 344.17500000000001, 369.20000000000005]
[43.450000000000003, 89.550000000000011, 101.625, 184.07500000000002, 199.25, 209.57500000000002, 223.0, 238.32500000000002, 250.90000000000001, 301.15000000000003, 318.45000000000005, 332.32500000000005, 341.0, 352.72500000000002]
[90.875, 103.05000000000001, 198.125, 209.55000000000001, 226.5, 248.17500000000001, 302.125, 319.52500000000003, 334.80000000000001, 344.25, 368.90000000000003]
[90.200000000000003, 102.30000000000001, 196.625, 207.97500000000002, 222.27500000000001, 239.32500000000002, 253.65000000000001, 301.10000000000002, 318.20000000000005, 333.27500000000003, 341.90000000000003, 353.90000000000003]
[44.525000000000006, 90.375, 102.17500000000001, 122.45, 196.47500000000002, 207.77500000000001, 222.07500000000002, 239.22500000000002, 252.75, 300.72500000000002, 317.32500000000005, 332.0, 340.70000000000005, 352.375, 387.82500000000005]
[90.775000000000006, 103.10000000000001, 197.10000000000002, 208.35000000000002, 223.60000000000002, 245.47500000000002, 301.57499999999999, 318.95000000000005, 333.95000000000005, 342.75, 355.67500000000001]
[43.125, 89.825000000000003, 102.0, 124.075, 176.80000000000001, 196.97500000000002, 207.55000000000001, 221.27500000000001, 236.875, 249.72500000000002, 300.625, 317.82500000000005, 329.27500000000003, 338.40000000000003, 349.25, 370.625]
[91.600000000000009, 104.02500000000001, 197.95000000000002, 209.20000000000002, 225.90000000000001, 248.5, 302.15000000000003, 319.90000000000003, 335.10000000000002, 344.70000000000005, 369.02500000000003]
[90.675000000000011, 103.075, 172.90000000000001, 198.02500000000001, 208.55000000000001, 222.35000000000002, 240.22500000000002, 300.57499999999999, 318.20000000000005, 333.45000000000005, 341.90000000000003, 353.57500000000005, 388.25]
[90.675000000000011, 103.0, 173.60000000000002, 198.20000000000002, 208.75, 222.85000000000002, 240.97500000000002, 300.65000000000003, 318.17500000000001, 333.42500000000001, 341.90000000000003, 353.625, 388.15000000000003]
[90.675000000000011, 102.90000000000001, 174.125, 198.30000000000001, 208.85000000000002, 223.10000000000002, 241.47500000000002, 300.67500000000001, 318.10000000000002, 333.375, 341.85000000000002, 353.57500000000005, 387.95000000000005]
[90.650000000000006, 102.80000000000001, 174.72500000000002, 198.40000000000001, 208.95000000000002, 223.35000000000002, 242.375, 300.67500000000001, 318.05000000000001, 333.35000000000002, 341.82500000000005, 353.57500000000005, 387.77500000000003]
[90.625, 102.75, 176.15000000000001, 198.625, 209.15000000000001, 223.72500000000002, 245.375, 300.75, 318.02500000000003, 333.35000000000002, 341.82500000000005, 353.60000000000002, 387.65000000000003]
[90.625, 102.75, 176.125, 198.65000000000001, 209.15000000000001, 223.72500000000002, 245.45000000000002, 300.80000000000001, 318.07500000000005, 333.42500000000001, 341.92500000000001, 353.77500000000003, 387.67500000000001]
[43.325000000000003, 89.300000000000011, 100.95, 195.625, 207.27500000000001, 219.32500000000002, 235.625, 249.60000000000002, 300.67500000000001, 318.02500000000003, 333.17500000000001, 341.85000000000002, 353.92500000000001]
[90.575000000000003, 102.875, 197.90000000000001, 209.35000000000002, 225.82500000000002, 247.17500000000001, 302.32499999999999, 320.05000000000001, 335.05000000000001, 344.72500000000002, 369.57500000000005]
[42.75, 89.325000000000003, 101.40000000000001, 182.60000000000002, 198.40000000000001, 208.75, 222.07500000000002, 237.07500000000002, 249.60000000000002, 300.875, 318.15000000000003, 329.72500000000002, 338.95000000000005, 350.17500000000001]
[91.375, 103.375, 198.60000000000002, 210.10000000000002, 227.80000000000001, 248.90000000000001, 302.17500000000001, 319.42500000000001, 335.05000000000001, 344.77500000000003, 369.02500000000003]
[90.475000000000009, 102.375, 123.75, 197.10000000000002, 208.25, 222.82500000000002, 241.02500000000001, 300.47500000000002, 317.07500000000005, 332.42500000000001, 341.05000000000001, 352.60000000000002, 388.02500000000003]
[43.650000000000006, 89.875, 102.075, 177.52500000000001, 197.5, 208.02500000000001, 221.65000000000001, 237.70000000000002, 250.52500000000001, 300.625, 317.72500000000002, 329.52500000000003, 338.65000000000003, 349.52500000000003, 370.97500000000002]
[91.625, 103.90000000000001, 198.22500000000002, 209.5, 226.67500000000001, 248.80000000000001, 302.05000000000001, 319.45000000000005, 334.97500000000002, 344.47500000000002, 368.77500000000003]
[90.525000000000006, 102.75, 172.32500000000002, 197.90000000000001, 208.35000000000002, 221.90000000000001, 239.625, 300.10000000000002, 317.05000000000001, 331.60000000000002, 340.25, 351.57500000000005, 387.57500000000005]
[90.625, 102.7, 173.45000000000002, 198.32500000000002, 208.85000000000002, 223.07500000000002, 242.35000000000002, 300.32499999999999, 317.20000000000005, 332.70000000000005, 341.15000000000003, 352.57500000000005, 387.625]
[90.575000000000003, 102.625, 176.17500000000001, 198.67500000000001, 209.17500000000001, 223.75, 245.40000000000001, 300.47500000000002, 317.32500000000005, 332.82500000000005, 341.27500000000003, 352.82500000000005, 387.60000000000002]
[90.600000000000009, 102.65000000000001, 176.20000000000002, 198.70000000000002, 209.22500000000002, 223.90000000000001, 245.52500000000001, 300.60000000000002, 317.57500000000005, 333.125, 341.60000000000002, 353.30000000000001, 387.72500000000002]
[90.600000000000009, 102.67500000000001, 176.15000000000001, 198.70000000000002, 209.20000000000002, 223.85000000000002, 245.55000000000001, 300.67500000000001, 317.75, 333.25, 341.75, 353.55000000000001, 387.77500000000003]
[90.600000000000009, 102.67500000000001, 174.52500000000001, 198.45000000000002, 209.0, 223.45000000000002, 245.42500000000001, 300.72500000000002, 317.85000000000002, 333.32500000000005, 341.85000000000002, 353.72500000000002, 387.77500000000003]
[90.550000000000011, 102.67500000000001, 176.27500000000001, 198.60000000000002, 209.10000000000002, 223.55000000000001, 245.25, 300.80000000000001, 318.0, 333.35000000000002, 341.875, 353.77500000000003, 387.875]
[90.550000000000011, 102.67500000000001, 176.20000000000002, 198.625, 209.125, 223.60000000000002, 245.35000000000002, 300.82499999999999, 318.05000000000001, 333.42500000000001, 341.97500000000002, 353.95000000000005, 387.875]
[43.325000000000003, 89.300000000000011, 100.95, 195.625, 207.27500000000001, 219.32500000000002, 235.625, 249.60000000000002, 300.67500000000001, 318.02500000000003, 333.17500000000001, 341.85000000000002, 353.92500000000001]
[90.575000000000003, 102.875, 197.90000000000001, 209.35000000000002, 225.82500000000002, 247.17500000000001, 302.32499999999999, 320.05000000000001, 335.05000000000001, 344.72500000000002, 369.57500000000005]
[42.75, 89.325000000000003, 101.40000000000001, 182.60000000000002, 198.40000000000001, 208.75, 222.07500000000002, 237.07500000000002, 249.60000000000002, 300.875, 318.15000000000003, 329.72500000000002, 338.95000000000005, 350.17500000000001]
[91.375, 103.375, 198.60000000000002, 210.10000000000002, 227.80000000000001, 248.90000000000001, 302.17500000000001, 319.42500000000001, 335.05000000000001, 344.77500000000003, 369.02500000000003]
[90.475000000000009, 102.375, 123.75, 197.10000000000002, 208.25, 222.82500000000002, 241.02500000000001, 300.47500000000002, 317.07500000000005, 332.42500000000001, 341.05000000000001, 352.60000000000002, 388.02500000000003]
[43.650000000000006, 89.875, 102.075, 177.52500000000001, 197.5, 208.02500000000001, 221.65000000000001, 237.70000000000002, 250.52500000000001, 300.625, 317.72500000000002, 329.52500000000003, 338.65000000000003, 349.52500000000003, 370.97500000000002]
[91.625, 103.90000000000001, 198.22500000000002, 209.5, 226.67500000000001, 248.80000000000001, 302.05000000000001, 319.45000000000005, 334.97500000000002, 344.47500000000002, 368.77500000000003]
[90.525000000000006, 102.75, 172.32500000000002, 197.90000000000001, 208.35000000000002, 221.90000000000001, 239.625, 300.10000000000002, 317.05000000000001, 331.60000000000002, 340.25, 351.57500000000005, 387.57500000000005]
[90.625, 102.7, 173.45000000000002, 198.32500000000002, 208.85000000000002, 223.07500000000002, 242.35000000000002, 300.32499999999999, 317.20000000000005, 332.70000000000005, 341.15000000000003, 352.57500000000005, 387.625]
[90.575000000000003, 102.625, 176.17500000000001, 198.67500000000001, 209.17500000000001, 223.75, 245.40000000000001, 300.47500000000002, 317.32500000000005, 332.82500000000005, 341.27500000000003, 352.82500000000005, 387.60000000000002]
[90.600000000000009, 102.65000000000001, 176.20000000000002, 198.70000000000002, 209.22500000000002, 223.90000000000001, 245.52500000000001, 300.60000000000002, 317.57500000000005, 333.125, 341.60000000000002, 353.30000000000001, 387.72500000000002]
[90.600000000000009, 102.67500000000001, 176.15000000000001, 198.70000000000002, 209.20000000000002, 223.85000000000002, 245.55000000000001, 300.67500000000001, 317.75, 333.25, 341.75, 353.55000000000001, 387.77500000000003]
[90.600000000000009, 102.67500000000001, 174.52500000000001, 198.45000000000002, 209.0, 223.45000000000002, 245.42500000000001, 300.72500000000002, 317.85000000000002, 333.32500000000005, 341.85000000000002, 353.72500000000002, 387.77500000000003]
[90.550000000000011, 102.67500000000001, 176.27500000000001, 198.60000000000002, 209.10000000000002, 223.55000000000001, 245.25, 300.80000000000001, 318.0, 333.35000000000002, 341.875, 353.77500000000003, 387.875]
[90.550000000000011, 102.67500000000001, 176.20000000000002, 198.625, 209.125, 223.60000000000002, 245.35000000000002, 300.82499999999999, 318.05000000000001, 333.42500000000001, 341.97500000000002, 353.95000000000005, 387.875]
[90.575000000000003, 102.7, 176.10000000000002, 198.625, 209.125, 223.55000000000001, 245.40000000000001, 300.85000000000002, 318.07500000000005, 333.45000000000005, 342.0, 353.97500000000002, 387.82500000000005]
[90.575000000000003, 102.7, 174.25, 198.375, 208.90000000000001, 223.17500000000001, 245.30000000000001, 300.85000000000002, 318.07500000000005, 333.5, 342.07500000000005, 354.07500000000005, 387.82500000000005]
[90.5, 102.67500000000001, 176.25, 198.55000000000001, 209.02500000000001, 223.32500000000002, 241.85000000000002, 300.875, 318.125, 333.42500000000001, 341.97500000000002, 353.92500000000001, 387.875]
[90.550000000000011, 102.60000000000001, 174.10000000000002, 198.375, 208.90000000000001, 223.22500000000002, 245.35000000000002, 300.80000000000001, 317.90000000000003, 333.40000000000003, 341.95000000000005, 353.875, 387.55000000000001]
[90.475000000000009, 102.575, 176.30000000000001, 198.57500000000002, 209.05000000000001, 223.42500000000001, 242.25, 300.875, 318.05000000000001, 333.375, 341.92500000000001, 353.85000000000002, 387.67500000000001]
[43.325000000000003, 89.300000000000011, 100.95, 195.625, 207.27500000000001, 219.32500000000002, 235.625, 249.60000000000002, 300.67500000000001, 318.02500000000003, 333.17500000000001, 341.85000000000002, 353.92500000000001]
[90.825000000000003, 103.125, 198.15000000000001, 209.67500000000001, 226.90000000000001, 248.22500000000002, 302.47500000000002, 320.15000000000003, 335.20000000000005, 345.07500000000005, 369.82500000000005]
[41.300000000000004, 88.875, 100.85000000000001, 122.30000000000001, 178.42500000000001, 196.125, 206.90000000000001, 219.5, 234.65000000000001, 247.0, 300.44999999999999, 317.42500000000001, 327.35000000000002, 337.10000000000002, 346.90000000000003, 368.95000000000005]
[92.625, 105.95, 199.5, 211.125, 235.55000000000001, 303.125, 321.07500000000005, 336.22500000000002, 347.30000000000001]
[45.0, 90.300000000000011, 102.40000000000001, 177.5, 198.67500000000001, 208.95000000000002, 222.875, 239.40000000000001, 253.15000000000001, 299.97500000000002, 315.60000000000002, 326.60000000000002, 336.92500000000001, 346.15000000000003, 367.35000000000002]
[91.800000000000011, 104.075, 198.45000000000002, 209.57500000000002, 226.80000000000001, 249.05000000000001, 301.625, 318.92500000000001, 334.47500000000002, 343.35000000000002, 356.25]
[90.450000000000003, 102.55000000000001, 124.52500000000001, 171.375, 197.80000000000001, 208.0, 221.125, 238.90000000000001, 254.375, 299.65000000000003, 315.375, 327.17500000000001, 337.375, 347.10000000000002, 368.07500000000005, 391.17500000000001]
[91.825000000000003, 104.55000000000001, 198.15000000000001, 209.10000000000002, 225.55000000000001, 248.90000000000001, 301.97500000000002, 319.625, 334.95000000000005, 344.10000000000002, 368.25]
[23.125, 65.375, 91.300000000000011, 103.575, 166.80000000000001, 179.25, 197.5, 206.55000000000001, 216.77500000000001, 229.52500000000001, 248.05000000000001, 295.82499999999999, 309.67500000000001, 322.25, 335.20000000000005, 343.0, 353.27500000000003, 386.15000000000003]
[94.475000000000009, 114.47500000000001, 199.75, 211.32500000000002, 238.30000000000001, 303.90000000000003, 321.55000000000001, 336.52500000000003, 348.15000000000003]
[90.525000000000006, 103.15000000000001, 176.125, 198.70000000000002, 208.75, 222.45000000000002, 240.17500000000001, 300.17500000000001, 317.27500000000003, 330.10000000000002, 338.72500000000002, 348.85000000000002, 368.92500000000001]
[90.900000000000006, 103.375, 176.35000000000002, 199.15000000000001, 209.30000000000001, 223.90000000000001, 247.17500000000001, 301.05000000000001, 318.40000000000003, 333.72500000000002, 341.95000000000005, 353.10000000000002, 387.125]
[90.875, 103.35000000000001, 176.27500000000001, 199.125, 209.25, 223.77500000000001, 247.07500000000002, 301.10000000000002, 318.40000000000003, 333.75, 342.0, 353.20000000000005, 387.15000000000003]
[90.850000000000009, 103.325, 176.20000000000002, 199.125, 209.25, 223.77500000000001, 247.07500000000002, 301.125, 318.375, 333.75, 342.0, 353.25, 387.125]
[90.850000000000009, 103.30000000000001, 176.125, 199.125, 209.25, 223.75, 247.05000000000001, 301.125, 318.32500000000005, 333.75, 342.02500000000003, 353.30000000000001, 387.125]
[90.825000000000003, 103.27500000000001, 174.75, 198.90000000000001, 209.05000000000001, 223.35000000000002, 246.72500000000002, 301.15000000000003, 318.30000000000001, 333.75, 342.02500000000003, 353.30000000000001, 387.125]
[90.775000000000006, 103.22500000000001, 176.375, 199.125, 209.27500000000001, 223.90000000000001, 246.90000000000001, 301.22500000000002, 318.32500000000005, 333.72500000000002, 342.02500000000003, 353.32500000000005, 387.17500000000001]
[90.75, 103.17500000000001, 176.22500000000002, 199.10000000000002, 209.22500000000002, 223.72500000000002, 246.77500000000001, 301.19999999999999, 318.27500000000003, 333.70000000000005, 342.0, 353.30000000000001, 387.125]
[90.75, 103.17500000000001, 176.17500000000001, 199.07500000000002, 209.20000000000002, 223.65000000000001, 246.72500000000002, 301.22500000000002, 318.25, 333.70000000000005, 342.02500000000003, 353.35000000000002, 387.125]
[90.75, 103.15000000000001, 176.10000000000002, 199.07500000000002, 209.20000000000002, 223.65000000000001, 246.70000000000002, 301.22500000000002, 318.22500000000002, 333.70000000000005, 342.02500000000003, 353.375, 387.10000000000002]
[43.325000000000003, 89.300000000000011, 100.95, 195.625, 207.27500000000001, 219.32500000000002, 235.625, 249.60000000000002, 300.67500000000001, 318.02500000000003, 333.17500000000001, 341.85000000000002, 353.92500000000001]
[43.325000000000003, 89.300000000000011, 100.95, 195.625, 207.27500000000001, 219.32500000000002, 235.625, 249.60000000000002, 300.67500000000001, 318.02500000000003, 333.17500000000001, 341.85000000000002, 353.92500000000001]
[90.825000000000003, 103.125, 198.15000000000001, 209.67500000000001, 226.90000000000001, 248.22500000000002, 302.47500000000002, 320.15000000000003, 335.20000000000005, 345.07500000000005, 369.82500000000005]
[41.300000000000004, 88.875, 100.85000000000001, 122.30000000000001, 178.42500000000001, 196.125, 206.90000000000001, 219.5, 234.65000000000001, 247.0, 300.44999999999999, 317.42500000000001, 327.35000000000002, 337.10000000000002, 346.90000000000003, 368.95000000000005]
[92.625, 105.95, 199.5, 211.125, 235.55000000000001, 303.125, 321.07500000000005, 336.22500000000002, 347.30000000000001]
[45.0, 90.300000000000011, 102.40000000000001, 177.5, 198.67500000000001, 208.95000000000002, 222.875, 239.40000000000001, 253.15000000000001, 299.97500000000002, 315.60000000000002, 326.60000000000002, 336.92500000000001, 346.15000000000003, 367.35000000000002]
[91.800000000000011, 104.075, 198.45000000000002, 209.57500000000002, 226.80000000000001, 249.05000000000001, 301.625, 318.92500000000001, 334.47500000000002, 343.35000000000002, 356.25]
[90.450000000000003, 102.55000000000001, 124.52500000000001, 171.375, 197.80000000000001, 208.0, 221.125, 238.90000000000001, 254.375, 299.65000000000003, 315.375, 327.17500000000001, 337.375, 347.10000000000002, 368.07500000000005, 391.17500000000001]
[91.825000000000003, 104.55000000000001, 198.15000000000001, 209.10000000000002, 225.55000000000001, 248.90000000000001, 301.97500000000002, 319.625, 334.95000000000005, 344.10000000000002, 368.25]
[23.125, 65.375, 91.300000000000011, 103.575, 166.80000000000001, 179.25, 197.5, 206.55000000000001, 216.77500000000001, 229.52500000000001, 248.05000000000001, 295.82499999999999, 309.67500000000001, 322.25, 335.20000000000005, 343.0, 353.27500000000003, 386.15000000000003]
[94.475000000000009, 114.47500000000001, 199.75, 211.32500000000002, 238.30000000000001, 303.90000000000003, 321.55000000000001, 336.52500000000003, 348.15000000000003]
[90.525000000000006, 103.15000000000001, 176.125, 198.70000000000002, 208.75, 222.45000000000002, 240.17500000000001, 300.17500000000001, 317.27500000000003, 330.10000000000002, 338.72500000000002, 348.85000000000002, 368.92500000000001]
[90.900000000000006, 103.375, 176.35000000000002, 199.15000000000001, 209.30000000000001, 223.90000000000001, 247.17500000000001, 301.05000000000001, 318.40000000000003, 333.72500000000002, 341.95000000000005, 353.10000000000002, 387.125]
[90.875, 103.35000000000001, 176.27500000000001, 199.125, 209.25, 223.77500000000001, 247.07500000000002, 301.10000000000002, 318.40000000000003, 333.75, 342.0, 353.20000000000005, 387.15000000000003]
[90.850000000000009, 103.325, 176.20000000000002, 199.125, 209.25, 223.77500000000001, 247.07500000000002, 301.125, 318.375, 333.75, 342.0, 353.25, 387.125]
[90.850000000000009, 103.30000000000001, 176.125, 199.125, 209.25, 223.75, 247.05000000000001, 301.125, 318.32500000000005, 333.75, 342.02500000000003, 353.30000000000001, 387.125]
[90.825000000000003, 103.27500000000001, 174.75, 198.90000000000001, 209.05000000000001, 223.35000000000002, 246.72500000000002, 301.15000000000003, 318.30000000000001, 333.75, 342.02500000000003, 353.30000000000001, 387.125]
[90.775000000000006, 103.22500000000001, 176.375, 199.125, 209.27500000000001, 223.90000000000001, 246.90000000000001, 301.22500000000002, 318.32500000000005, 333.72500000000002, 342.02500000000003, 353.32500000000005, 387.17500000000001]
[90.75, 103.17500000000001, 176.22500000000002, 199.10000000000002, 209.22500000000002, 223.72500000000002, 246.77500000000001, 301.19999999999999, 318.27500000000003, 333.70000000000005, 342.0, 353.30000000000001, 387.125]
[90.75, 103.17500000000001, 176.17500000000001, 199.07500000000002, 209.20000000000002, 223.65000000000001, 246.72500000000002, 301.22500000000002, 318.25, 333.70000000000005, 342.02500000000003, 353.35000000000002, 387.125]
[90.75, 103.15000000000001, 176.10000000000002, 199.07500000000002, 209.20000000000002, 223.65000000000001, 246.70000000000002, 301.22500000000002, 318.22500000000002, 333.70000000000005, 342.02500000000003, 353.375, 387.10000000000002]
[43.325000000000003, 89.300000000000011, 100.95, 195.625, 207.27500000000001, 219.32500000000002, 235.625, 249.60000000000002, 300.67500000000001, 318.02500000000003, 333.17500000000001, 341.85000000000002, 353.92500000000001]
[90.825000000000003, 103.125, 198.15000000000001, 209.67500000000001, 226.90000000000001, 248.22500000000002, 302.47500000000002, 320.15000000000003, 335.20000000000005, 345.07500000000005, 369.82500000000005]
[41.300000000000004, 88.875, 100.85000000000001, 122.30000000000001, 178.42500000000001, 196.125, 206.90000000000001, 219.5, 234.65000000000001, 247.0, 300.44999999999999, 317.42500000000001, 327.35000000000002, 337.10000000000002, 346.90000000000003, 368.95000000000005]
[92.625, 105.95, 199.5, 211.125, 235.55000000000001, 303.125, 321.07500000000005, 336.22500000000002, 347.30000000000001]
[45.0, 90.300000000000011, 102.40000000000001, 177.5, 198.67500000000001, 208.95000000000002, 222.875, 239.40000000000001, 253.15000000000001, 299.97500000000002, 315.60000000000002, 326.60000000000002, 336.92500000000001, 346.15000000000003, 367.35000000000002]
[91.800000000000011, 104.075, 198.45000000000002, 209.57500000000002, 226.80000000000001, 249.05000000000001, 301.625, 318.92500000000001, 334.47500000000002, 343.35000000000002, 356.25]
[90.450000000000003, 102.55000000000001, 124.52500000000001, 171.375, 197.80000000000001, 208.0, 221.125, 238.90000000000001, 254.375, 299.65000000000003, 315.375, 327.17500000000001, 337.375, 347.10000000000002, 368.07500000000005, 391.17500000000001]
[91.825000000000003, 104.55000000000001, 198.15000000000001, 209.10000000000002, 225.55000000000001, 248.90000000000001, 301.97500000000002, 319.625, 334.95000000000005, 344.10000000000002, 368.25]
[23.125, 65.375, 91.300000000000011, 103.575, 166.80000000000001, 179.25, 197.5, 206.55000000000001, 216.77500000000001, 229.52500000000001, 248.05000000000001, 295.82499999999999, 309.67500000000001, 322.25, 335.20000000000005, 343.0, 353.27500000000003, 386.15000000000003]
[94.475000000000009, 114.47500000000001, 199.75, 211.32500000000002, 238.30000000000001, 303.90000000000003, 321.55000000000001, 336.52500000000003, 348.15000000000003]
[90.525000000000006, 103.15000000000001, 176.125, 198.70000000000002, 208.75, 222.45000000000002, 240.17500000000001, 300.17500000000001, 317.27500000000003, 330.10000000000002, 338.72500000000002, 348.85000000000002, 368.92500000000001]
[90.900000000000006, 103.375, 176.35000000000002, 199.15000000000001, 209.30000000000001, 223.90000000000001, 247.17500000000001, 301.05000000000001, 318.40000000000003, 333.72500000000002, 341.95000000000005, 353.10000000000002, 387.125]
[90.875, 103.35000000000001, 176.27500000000001, 199.125, 209.25, 223.77500000000001, 247.07500000000002, 301.10000000000002, 318.40000000000003, 333.75, 342.0, 353.20000000000005, 387.15000000000003]
[90.850000000000009, 103.325, 176.20000000000002, 199.125, 209.25, 223.77500000000001, 247.07500000000002, 301.125, 318.375, 333.75, 342.0, 353.25, 387.125]
[90.850000000000009, 103.30000000000001, 176.125, 199.125, 209.25, 223.75, 247.05000000000001, 301.125, 318.32500000000005, 333.75, 342.02500000000003, 353.30000000000001, 387.125]
[90.825000000000003, 103.27500000000001, 174.75, 198.90000000000001, 209.05000000000001, 223.35000000000002, 246.72500000000002, 301.15000000000003, 318.30000000000001, 333.75, 342.02500000000003, 353.30000000000001, 387.125]
[90.775000000000006, 103.22500000000001, 176.375, 199.125, 209.27500000000001, 223.90000000000001, 246.90000000000001, 301.22500000000002, 318.32500000000005, 333.72500000000002, 342.02500000000003, 353.32500000000005, 387.17500000000001]
[90.75, 103.17500000000001, 176.22500000000002, 199.10000000000002, 209.22500000000002, 223.72500000000002, 246.77500000000001, 301.19999999999999, 318.27500000000003, 333.70000000000005, 342.0, 353.30000000000001, 387.125]
[90.75, 103.17500000000001, 176.17500000000001, 199.07500000000002, 209.20000000000002, 223.65000000000001, 246.72500000000002, 301.22500000000002, 318.25, 333.70000000000005, 342.02500000000003, 353.35000000000002, 387.125]
[90.75, 103.15000000000001, 176.10000000000002, 199.07500000000002, 209.20000000000002, 223.65000000000001, 246.70000000000002, 301.22500000000002, 318.22500000000002, 333.70000000000005, 342.02500000000003, 353.375, 387.10000000000002]
[43.325000000000003, 89.300000000000011, 100.95, 195.625, 207.27500000000001, 219.32500000000002, 235.625, 249.60000000000002, 300.67500000000001, 318.02500000000003, 333.17500000000001, 341.85000000000002, 353.92500000000001]
[90.825000000000003, 103.125, 198.15000000000001, 209.67500000000001, 226.90000000000001, 248.22500000000002, 302.47500000000002, 320.15000000000003, 335.20000000000005, 345.07500000000005, 369.82500000000005]
[41.300000000000004, 88.875, 100.85000000000001, 122.30000000000001, 178.42500000000001, 196.125, 206.90000000000001, 219.5, 234.65000000000001, 247.0, 300.44999999999999, 317.42500000000001, 327.35000000000002, 337.10000000000002, 346.90000000000003, 368.95000000000005]
[92.625, 105.95, 199.5, 211.125, 235.55000000000001, 303.125, 321.07500000000005, 336.22500000000002, 347.30000000000001]
[45.0, 90.300000000000011, 102.40000000000001, 177.5, 198.67500000000001, 208.95000000000002, 222.875, 239.40000000000001, 253.15000000000001, 299.97500000000002, 315.60000000000002, 326.60000000000002, 336.92500000000001, 346.15000000000003, 367.35000000000002]
[91.800000000000011, 104.075, 198.45000000000002, 209.57500000000002, 226.80000000000001, 249.05000000000001, 301.625, 318.92500000000001, 334.47500000000002, 343.35000000000002, 356.25]
[90.450000000000003, 102.55000000000001, 124.52500000000001, 171.375, 197.80000000000001, 208.0, 221.125, 238.90000000000001, 254.375, 299.65000000000003, 315.375, 327.17500000000001, 337.375, 347.10000000000002, 368.07500000000005, 391.17500000000001]
[91.825000000000003, 104.55000000000001, 198.15000000000001, 209.10000000000002, 225.55000000000001, 248.90000000000001, 301.97500000000002, 319.625, 334.95000000000005, 344.10000000000002, 368.25]
[23.125, 65.375, 91.300000000000011, 103.575, 166.80000000000001, 179.25, 197.5, 206.55000000000001, 216.77500000000001, 229.52500000000001, 248.05000000000001, 295.82499999999999, 309.67500000000001, 322.25, 335.20000000000005, 343.0, 353.27500000000003, 386.15000000000003]
[94.475000000000009, 114.47500000000001, 199.75, 211.32500000000002, 238.30000000000001, 303.90000000000003, 321.55000000000001, 336.52500000000003, 348.15000000000003]
[90.525000000000006, 103.15000000000001, 176.125, 198.70000000000002, 208.75, 222.45000000000002, 240.17500000000001, 300.17500000000001, 317.27500000000003, 330.10000000000002, 338.72500000000002, 348.85000000000002, 368.92500000000001]
[90.900000000000006, 103.375, 176.35000000000002, 199.15000000000001, 209.30000000000001, 223.90000000000001, 247.17500000000001, 301.05000000000001, 318.40000000000003, 333.72500000000002, 341.95000000000005, 353.10000000000002, 387.125]
[90.875, 103.35000000000001, 176.27500000000001, 199.125, 209.25, 223.77500000000001, 247.07500000000002, 301.10000000000002, 318.40000000000003, 333.75, 342.0, 353.20000000000005, 387.15000000000003]
[90.850000000000009, 103.325, 176.20000000000002, 199.125, 209.25, 223.77500000000001, 247.07500000000002, 301.125, 318.375, 333.75, 342.0, 353.25, 387.125]
[90.850000000000009, 103.30000000000001, 176.125, 199.125, 209.25, 223.75, 247.05000000000001, 301.125, 318.32500000000005, 333.75, 342.02500000000003, 353.30000000000001, 387.125]
[90.825000000000003, 103.27500000000001, 174.75, 198.90000000000001, 209.05000000000001, 223.35000000000002, 246.72500000000002, 301.15000000000003, 318.30000000000001, 333.75, 342.02500000000003, 353.30000000000001, 387.125]
[90.775000000000006, 103.22500000000001, 176.375, 199.125, 209.27500000000001, 223.90000000000001, 246.90000000000001, 301.22500000000002, 318.32500000000005, 333.72500000000002, 342.02500000000003, 353.32500000000005, 387.17500000000001]
[90.75, 103.17500000000001, 176.22500000000002, 199.10000000000002, 209.22500000000002, 223.72500000000002, 246.77500000000001, 301.19999999999999, 318.27500000000003, 333.70000000000005, 342.0, 353.30000000000001, 387.125]
[90.75, 103.17500000000001, 176.17500000000001, 199.07500000000002, 209.20000000000002, 223.65000000000001, 246.72500000000002, 301.22500000000002, 318.25, 333.70000000000005, 342.02500000000003, 353.35000000000002, 387.125]
[90.75, 103.15000000000001, 176.10000000000002, 199.07500000000002, 209.20000000000002, 223.65000000000001, 246.70000000000002, 301.22500000000002, 318.22500000000002, 333.70000000000005, 342.02500000000003, 353.375, 387.10000000000002]
