Train time0
[ 14  61 163 164 170 195 201 215 284 337 384]
Train time1
[ 39  43  50  56  80  84  89 111 206 270 308]
Train time2
[  6  14  59 101 102 198 248 333 336 367 382]
Train time3
[ 37  96  98 112 119 159 245 293 306 366 386]
Train time4
[ 79 196 204 206 210 296 317 333 335 345 351]
Train time5
[ 15 156 225 279 294 300 318 321 333 339 348]
Train time6
[ 37  87  94 190 207 216 234 258 272 299 340]
Train time7
[ 36  86 176 182 194 221 234 238 248 320 325]
Train time8
[  3  20  90 101 122 170 227 312 351 368 383]
Train time9
[ 79 154 196 204 245 271 302 314 332 338 361]
