Train time0
[ 44  49 118 145 147 149 189 194 261 345 354]
Train time1
[  3   4  41  62 135 217 222 227 235 268 269]
Train time2
[ 22  26  28  36  59  64  94 107 115 201 375]
Train time3
[  1   9  21  38 106 172 185 249 328 354 359]
Train time4
[  4  55  88 114 229 265 274 292 298 372 387]
Train time5
[  6  45  48  58 128 163 182 280 311 323 379]
Train time6
[ 30  39  50  55  70  99 176 231 297 359 376]
Train time7
[ 37  73  82 169 210 237 278 280 331 339 359]
Train time8
[  1   4  30  49  76 124 198 199 322 362 363]
Train time9
[ 25  57  71 120 151 217 231 321 339 358 377]
