0.0000e+00
0.0000e+00
0.0000e+00
0.0000e+00
0.0000e+00
0.0000e+00
0.0000e+00
0.0000e+00
0.0000e+00
0.0000e+00
0.0000e+00
0.0000e+00
0.0000e+00
0.0000e+00
0.0000e+00
0.0000e+00
0.0000e+00
0.0000e+00
0.0000e+00
0.0000e+00
0.0000e+00
0.0000e+00
0.0000e+00
0.0000e+00
0.0000e+00
0.0000e+00
0.0000e+00
0.0000e+00
0.0000e+00
0.0000e+00
0.0000e+00
0.0000e+00
0.0000e+00
0.0000e+00
0.0000e+00
0.0000e+00
0.0000e+00
0.0000e+00
0.0000e+00
0.0000e+00
0.0000e+00
0.0000e+00
0.0000e+00
0.0000e+00
0.0000e+00
0.0000e+00
0.0000e+00
0.0000e+00
0.0000e+00
0.0000e+00
0.0000e+00
0.0000e+00
0.0000e+00
0.0000e+00
0.0000e+00
0.0000e+00
0.0000e+00
0.0000e+00
0.0000e+00
0.0000e+00
0.0000e+00
0.0000e+00
0.0000e+00
0.0000e+00
0.0000e+00
0.0000e+00
0.0000e+00
0.0000e+00
0.0000e+00
0.0000e+00
0.0000e+00
0.0000e+00
0.0000e+00
0.0000e+00
0.0000e+00
0.0000e+00
0.0000e+00
0.0000e+00
0.0000e+00
0.0000e+00
0.0000e+00
0.0000e+00
0.0000e+00
0.0000e+00
0.0000e+00
0.0000e+00
0.0000e+00
2.0000e-01
1.9025e-01
1.8097e-01
1.7214e-01
1.6375e-01
1.5576e-01
1.4816e-01
1.4094e-01
1.3406e-01
1.2753e-01
1.2131e-01
1.1539e-01
1.0976e-01
1.0441e-01
9.9317e-02
9.4473e-02
8.9866e-02
8.5483e-02
8.1314e-02
7.7348e-02
7.3576e-02
6.9988e-02
6.6574e-02
6.3327e-02
6.0239e-02
2.5730e-01
2.4475e-01
2.3282e-01
2.2146e-01
2.1066e-01
2.0039e-01
1.9061e-01
1.8132e-01
1.7247e-01
1.6406e-01
1.5606e-01
1.4845e-01
1.4121e-01
1.3432e-01
1.2777e-01
1.2154e-01
1.1561e-01
1.0997e-01
1.0461e-01
9.9509e-02
9.4656e-02
9.0039e-02
8.5648e-02
8.1471e-02
7.7498e-02
7.3718e-02
7.0123e-02
2.6670e-01
2.5370e-01
2.4132e-01
2.2955e-01
2.1836e-01
2.0771e-01
1.9758e-01
1.8794e-01
1.7878e-01
1.7006e-01
1.6176e-01
1.5387e-01
1.4637e-01
1.3923e-01
1.3244e-01
1.2598e-01
1.1984e-01
1.1399e-01
1.0843e-01
1.0314e-01
9.8114e-02
9.3329e-02
8.8778e-02
8.4448e-02
8.0329e-02
7.6412e-02
7.2685e-02
6.9140e-02
6.5768e-02
6.2561e-02
5.9509e-02
5.6607e-02
5.3846e-02
5.1220e-02
4.8722e-02
4.6346e-02
4.4086e-02
4.1936e-02
3.9890e-02
3.7945e-02
3.6094e-02
2.3433e-01
2.2291e-01
2.1203e-01
2.0169e-01
1.9186e-01
1.8250e-01
1.7360e-01
1.6513e-01
1.5708e-01
1.4942e-01
1.4213e-01
1.3520e-01
1.2861e-01
1.2233e-01
1.1637e-01
1.1069e-01
1.0529e-01
1.0016e-01
9.5273e-02
9.0627e-02
8.6207e-02
8.2002e-02
7.8003e-02
7.4199e-02
7.0580e-02
6.7138e-02
6.3863e-02
6.0749e-02
5.7786e-02
5.4968e-02
5.2287e-02
4.9737e-02
4.7311e-02
4.5004e-02
2.4281e-01
2.3097e-01
2.1970e-01
2.0899e-01
1.9880e-01
1.8910e-01
1.7988e-01
1.7110e-01
1.6276e-01
1.5482e-01
1.4727e-01
1.4009e-01
1.3326e-01
1.2676e-01
1.2058e-01
1.1469e-01
1.0910e-01
1.0378e-01
9.8719e-02
9.3904e-02
8.9324e-02
8.4968e-02
8.0824e-02
7.6882e-02
7.3133e-02
6.9566e-02
6.6173e-02
6.2946e-02
5.9876e-02
5.6956e-02
5.4178e-02
5.1536e-02
4.9022e-02
4.6631e-02
4.4293e-02
4.2133e-02
4.0078e-02
3.8124e-02
3.6264e-02
3.4496e-02
3.2813e-02
3.1213e-02
2.9691e-02
2.8243e-02
2.6865e-02
2.5555e-02
2.4309e-02
2.3123e-02
2.1995e-02
2.0923e-02
1.9902e-02
1.8932e-02
1.8008e-02
1.7130e-02
1.6295e-02
1.5500e-02
1.4744e-02
1.4025e-02
1.3341e-02
1.2626e-02
1.2011e-02
1.1425e-02
1.0868e-02
1.0338e-02
9.8335e-03
9.3539e-03
8.8977e-03
8.4638e-03
8.0510e-03
7.6583e-03
7.2848e-03
6.9295e-03
6.5916e-03
6.2701e-03
5.9643e-03
5.6734e-03
5.3967e-03
5.1335e-03
4.8832e-03
4.6450e-03
4.4185e-03
2.0420e-01
1.9424e-01
1.8477e-01
1.7576e-01
1.6719e-01
1.5897e-01
1.5122e-01
1.4384e-01
1.3683e-01
1.3015e-01
1.2381e-01
1.1777e-01
1.1202e-01
1.0656e-01
1.0136e-01
9.6420e-02
9.1717e-02
8.7244e-02
8.2989e-02
7.8942e-02
7.5092e-02
7.1430e-02
6.7946e-02
6.4632e-02
6.1480e-02
5.8482e-02
5.5629e-02
5.2916e-02
5.0336e-02
4.7881e-02
4.5546e-02
2.4332e-01
2.3146e-01
2.2017e-01
2.0943e-01
1.9922e-01
1.8950e-01
1.8026e-01
1.7147e-01
1.6311e-01
1.5515e-01
1.4758e-01
1.4039e-01
1.3354e-01
1.2703e-01
1.2083e-01
1.1487e-01
1.0927e-01
1.0394e-01
9.8873e-02
9.4051e-02
8.9464e-02
8.5101e-02
8.0951e-02
7.7003e-02
7.3247e-02
6.9675e-02
6.6277e-02
6.3044e-02
5.9970e-02
5.7045e-02
5.4263e-02
5.1616e-02
4.9099e-02
4.6704e-02
4.4427e-02
4.2260e-02
4.0199e-02
3.8238e-02
3.6373e-02
3.4600e-02
3.2912e-02
3.1307e-02
2.9780e-02
2.8328e-02
2.6946e-02
2.5632e-02
2.4382e-02
2.3193e-02
2.2062e-02
2.0922e-02
1.9901e-02
1.8931e-02
1.8008e-02
1.7129e-02
1.6294e-02
1.5499e-02
1.4743e-02
1.4024e-02
1.3340e-02
1.2690e-02
1.2071e-02
1.1482e-02
1.0922e-02
1.0389e-02
9.8828e-03
9.4008e-03
8.9423e-03
8.5062e-03
8.0913e-03
7.6967e-03
7.3213e-03
6.9643e-03
6.6246e-03
6.3015e-03
5.9942e-03
5.7019e-03
5.4238e-03
5.1593e-03
4.9076e-03
4.6683e-03
4.4406e-03
4.2240e-03
4.0180e-03
3.8221e-03
3.6357e-03
3.4584e-03
3.2897e-03
3.1293e-03
2.9766e-03
2.8315e-03
2.6934e-03
2.5620e-03
2.4371e-03
2.3182e-03
2.2051e-03
2.0976e-03
1.9953e-03
1.8980e-03
1.8054e-03
1.7174e-03
1.6336e-03
1.5539e-03
1.4782e-03
1.4061e-03
1.3375e-03
1.2723e-03
1.2102e-03
1.1512e-03
1.0950e-03
1.0416e-03
9.9084e-04
9.4251e-04
8.9655e-04
8.5282e-04
8.1123e-04
7.7166e-04
7.3403e-04
6.9823e-04
6.6418e-04
6.3178e-04
6.0097e-04
5.7166e-04
5.4378e-04
5.1726e-04
4.9203e-04
4.6804e-04
4.4521e-04
4.2350e-04
4.0284e-04
3.8320e-04
3.0069e-04
2.8602e-04
2.7207e-04
2.5880e-04
2.4618e-04
2.3418e-04
2.2276e-04
2.1189e-04
2.0156e-04
1.9173e-04
1.8238e-04
1.7348e-04
1.6502e-04
1.5697e-04
1.4932e-04
1.4203e-04
1.3511e-04
1.2852e-04
1.2225e-04
1.1629e-04
1.1062e-04
1.0522e-04
1.0009e-04
9.5209e-05
9.0565e-05
8.6149e-05
8.1947e-05
7.7950e-05
7.4149e-05
7.0532e-05
6.7093e-05
0.0000e+00
0.0000e+00
0.0000e+00
0.0000e+00
0.0000e+00
0.0000e+00
0.0000e+00
0.0000e+00
0.0000e+00
0.0000e+00
0.0000e+00
0.0000e+00
0.0000e+00
0.0000e+00
0.0000e+00
0.0000e+00
0.0000e+00
0.0000e+00
0.0000e+00
0.0000e+00
0.0000e+00
0.0000e+00
0.0000e+00
0.0000e+00
0.0000e+00
0.0000e+00
0.0000e+00
0.0000e+00
0.0000e+00
0.0000e+00
0.0000e+00
0.0000e+00
0.0000e+00
0.0000e+00
0.0000e+00
0.0000e+00
0.0000e+00
0.0000e+00
0.0000e+00
0.0000e+00
0.0000e+00
0.0000e+00
0.0000e+00
0.0000e+00
0.0000e+00
0.0000e+00
0.0000e+00
0.0000e+00
0.0000e+00
0.0000e+00
0.0000e+00
2.0000e-01
1.9025e-01
1.8097e-01
1.7214e-01
1.6375e-01
1.5576e-01
1.4816e-01
1.4094e-01
1.3406e-01
1.2753e-01
1.2131e-01
1.1539e-01
1.0976e-01
1.0441e-01
9.9317e-02
9.4473e-02
8.9866e-02
8.5483e-02
8.1314e-02
7.7348e-02
7.3576e-02
6.9988e-02
6.6574e-02
6.3327e-02
6.0239e-02
5.7301e-02
5.4506e-02
5.1848e-02
4.9319e-02
4.6914e-02
4.4626e-02
4.2450e-02
4.0379e-02
3.8410e-02
3.6537e-02
3.4755e-02
3.3060e-02
3.1447e-02
2.9914e-02
2.8455e-02
2.7067e-02
2.5747e-02
2.2449e-01
2.1354e-01
2.0313e-01
1.9322e-01
1.8380e-01
1.7483e-01
1.6631e-01
1.5820e-01
1.5048e-01
1.4314e-01
1.3616e-01
1.2952e-01
1.2320e-01
1.1719e-01
1.1148e-01
1.0604e-01
1.0087e-01
9.5951e-02
9.1271e-02
8.6820e-02
8.2586e-02
7.8558e-02
7.4727e-02
7.1082e-02
6.7615e-02
6.4318e-02
6.1181e-02
5.8197e-02
5.5359e-02
5.2659e-02
5.0091e-02
4.7648e-02
4.5324e-02
4.3114e-02
4.1011e-02
3.9011e-02
3.7108e-02
3.5298e-02
3.3577e-02
3.1939e-02
3.0382e-02
2.8900e-02
2.7490e-02
2.6150e-02
2.4874e-02
2.3661e-02
2.2507e-02
2.1410e-02
2.0365e-02
1.9372e-02
2.1843e-01
2.0777e-01
1.9764e-01
1.8800e-01
1.7883e-01
1.7011e-01
1.6181e-01
1.5392e-01
1.4642e-01
1.3928e-01
1.3248e-01
1.2602e-01
1.1988e-01
1.1403e-01
1.0847e-01
1.0318e-01
9.8146e-02
9.3359e-02
8.8806e-02
8.4475e-02
8.0355e-02
7.6436e-02
7.2708e-02
6.9162e-02
6.5789e-02
6.2580e-02
5.9528e-02
5.6625e-02
5.3864e-02
5.1237e-02
4.8738e-02
4.6361e-02
4.4100e-02
4.1949e-02
3.9903e-02
3.7957e-02
3.6106e-02
3.4345e-02
3.2670e-02
3.1077e-02
2.9561e-02
2.8119e-02
2.6748e-02
2.5443e-02
2.4202e-02
2.3022e-02
2.1899e-02
2.0831e-02
1.9815e-02
1.8849e-02
1.7930e-02
1.7055e-02
1.6223e-02
1.5432e-02
1.4680e-02
2.1396e-01
2.0353e-01
1.9360e-01
1.8416e-01
1.7518e-01
1.6664e-01
1.5851e-01
1.5078e-01
1.4342e-01
1.3643e-01
1.2978e-01
1.2345e-01
1.1743e-01
1.1170e-01
1.0619e-01
1.0101e-01
9.6082e-02
9.1396e-02
8.6939e-02
8.2699e-02
7.8666e-02
7.4829e-02
7.1180e-02
6.7708e-02
6.4406e-02
6.1265e-02
5.8277e-02
5.5435e-02
5.2731e-02
5.0159e-02
4.7713e-02
4.5386e-02
4.3173e-02
4.1067e-02
3.9064e-02
3.7159e-02
3.5347e-02
3.3623e-02
3.1983e-02
3.0423e-02
2.8939e-02
2.7528e-02
2.6185e-02
2.4908e-02
2.3694e-02
2.2538e-02
2.1439e-02
2.0393e-02
1.9399e-02
1.8453e-02
1.7553e-02
1.6697e-02
1.5882e-02
1.5108e-02
1.4371e-02
1.3670e-02
1.2940e-02
1.2308e-02
1.1708e-02
1.1137e-02
1.0594e-02
1.0077e-02
9.5858e-03
9.1183e-03
8.6736e-03
8.2506e-03
7.8482e-03
7.4654e-03
7.1014e-03
6.7550e-03
6.4256e-03
6.1122e-03
5.8141e-03
5.5305e-03
5.2608e-03
5.0042e-03
4.7602e-03
4.5280e-03
4.3072e-03
4.0971e-03
3.8973e-03
3.7072e-03
3.5264e-03
3.3544e-03
3.1908e-03
3.0352e-03
2.8872e-03
2.7464e-03
2.6124e-03
2.4850e-03
2.3638e-03
2.2485e-03
2.1389e-03
2.0346e-03
1.9353e-03
1.8410e-03
1.7512e-03
1.6658e-03
1.5845e-03
1.5072e-03
1.4337e-03
1.3638e-03
1.2973e-03
1.2340e-03
1.1738e-03
1.1166e-03
9.9832e-04
9.4963e-04
9.0332e-04
8.5926e-04
8.1735e-04
7.7749e-04
7.3957e-04
7.0350e-04
6.6919e-04
6.3656e-04
