0.0000e+00
0.0000e+00
0.0000e+00
0.0000e+00
0.0000e+00
0.0000e+00
0.0000e+00
0.0000e+00
0.0000e+00
0.0000e+00
0.0000e+00
0.0000e+00
0.0000e+00
0.0000e+00
0.0000e+00
0.0000e+00
0.0000e+00
0.0000e+00
0.0000e+00
0.0000e+00
0.0000e+00
0.0000e+00
0.0000e+00
0.0000e+00
0.0000e+00
0.0000e+00
0.0000e+00
0.0000e+00
0.0000e+00
0.0000e+00
0.0000e+00
0.0000e+00
0.0000e+00
0.0000e+00
0.0000e+00
0.0000e+00
0.0000e+00
0.0000e+00
0.0000e+00
0.0000e+00
0.0000e+00
0.0000e+00
0.0000e+00
0.0000e+00
0.0000e+00
0.0000e+00
0.0000e+00
0.0000e+00
0.0000e+00
0.0000e+00
0.0000e+00
0.0000e+00
0.0000e+00
0.0000e+00
0.0000e+00
0.0000e+00
0.0000e+00
0.0000e+00
0.0000e+00
0.0000e+00
0.0000e+00
0.0000e+00
0.0000e+00
0.0000e+00
0.0000e+00
0.0000e+00
0.0000e+00
0.0000e+00
0.0000e+00
0.0000e+00
0.0000e+00
0.0000e+00
0.0000e+00
0.0000e+00
0.0000e+00
0.0000e+00
0.0000e+00
0.0000e+00
0.0000e+00
0.0000e+00
0.0000e+00
0.0000e+00
0.0000e+00
0.0000e+00
0.0000e+00
0.0000e+00
0.0000e+00
0.0000e+00
0.0000e+00
0.0000e+00
0.0000e+00
0.0000e+00
0.0000e+00
0.0000e+00
0.0000e+00
0.0000e+00
0.0000e+00
0.0000e+00
0.0000e+00
0.0000e+00
0.0000e+00
0.0000e+00
0.0000e+00
0.0000e+00
0.0000e+00
0.0000e+00
0.0000e+00
0.0000e+00
0.0000e+00
0.0000e+00
0.0000e+00
0.0000e+00
0.0000e+00
0.0000e+00
0.0000e+00
0.0000e+00
0.0000e+00
0.0000e+00
0.0000e+00
0.0000e+00
0.0000e+00
0.0000e+00
0.0000e+00
0.0000e+00
0.0000e+00
0.0000e+00
0.0000e+00
0.0000e+00
0.0000e+00
0.0000e+00
0.0000e+00
0.0000e+00
0.0000e+00
0.0000e+00
0.0000e+00
0.0000e+00
0.0000e+00
0.0000e+00
0.0000e+00
0.0000e+00
0.0000e+00
0.0000e+00
0.0000e+00
0.0000e+00
0.0000e+00
0.0000e+00
0.0000e+00
0.0000e+00
0.0000e+00
0.0000e+00
0.0000e+00
0.0000e+00
0.0000e+00
0.0000e+00
0.0000e+00
0.0000e+00
0.0000e+00
0.0000e+00
0.0000e+00
0.0000e+00
0.0000e+00
0.0000e+00
0.0000e+00
0.0000e+00
0.0000e+00
0.0000e+00
0.0000e+00
0.0000e+00
0.0000e+00
0.0000e+00
0.0000e+00
0.0000e+00
0.0000e+00
0.0000e+00
0.0000e+00
0.0000e+00
0.0000e+00
0.0000e+00
0.0000e+00
0.0000e+00
2.0000e-01
1.9025e-01
1.8097e-01
1.7214e-01
1.6375e-01
1.5576e-01
1.4816e-01
1.4094e-01
1.3406e-01
1.2753e-01
1.2131e-01
1.1539e-01
1.0976e-01
1.0441e-01
9.9317e-02
9.4473e-02
8.9866e-02
8.5483e-02
8.1314e-02
7.7348e-02
7.3576e-02
6.9988e-02
6.6574e-02
6.3327e-02
6.0239e-02
2.5730e-01
2.4475e-01
2.3282e-01
2.2146e-01
2.1066e-01
2.0039e-01
1.9061e-01
1.8132e-01
1.7247e-01
1.6406e-01
1.5606e-01
1.4845e-01
1.4121e-01
1.3432e-01
1.2777e-01
1.2154e-01
1.1561e-01
1.0997e-01
1.0461e-01
9.9509e-02
9.4656e-02
9.0039e-02
8.5648e-02
8.1471e-02
7.7498e-02
7.3718e-02
7.0123e-02
6.6703e-02
6.3450e-02
6.0355e-02
5.7412e-02
5.4612e-02
5.1948e-02
4.9415e-02
4.7005e-02
4.4712e-02
4.2532e-02
4.0457e-02
3.8484e-02
3.6607e-02
3.4822e-02
3.3124e-02
3.1508e-02
2.9971e-02
2.8510e-02
2.7119e-02
2.5797e-02
2.4539e-02
2.3342e-02
2.2203e-02
2.1121e-02
2.0090e-02
1.9111e-02
1.8179e-02
1.7292e-02
1.6449e-02
1.5646e-02
1.4883e-02
1.4158e-02
1.3467e-02
1.2810e-02
1.2185e-02
1.1591e-02
1.1026e-02
1.0488e-02
9.9766e-03
9.4901e-03
9.0272e-03
8.5870e-03
8.1682e-03
7.7698e-03
7.3909e-03
7.0304e-03
6.6875e-03
6.3614e-03
6.0511e-03
5.7560e-03
5.4753e-03
5.2083e-03
4.9543e-03
4.7126e-03
4.4828e-03
4.2642e-03
4.0562e-03
3.8584e-03
3.6702e-03
3.4912e-03
3.3209e-03
3.1590e-03
3.0049e-03
2.8584e-03
2.7190e-03
2.5863e-03
2.4602e-03
2.3402e-03
2.2261e-03
2.1175e-03
2.0142e-03
1.9160e-03
1.8226e-03
1.7337e-03
1.6491e-03
1.5687e-03
1.4922e-03
1.4194e-03
1.3502e-03
1.2843e-03
1.2217e-03
1.1621e-03
1.1054e-03
1.0515e-03
1.0002e-03
9.5146e-04
9.0506e-04
8.6092e-04
8.1893e-04
7.7899e-04
7.4100e-04
7.0486e-04
6.7049e-04
6.3779e-04
6.0668e-04
5.7709e-04
5.4895e-04
5.2217e-04
4.9671e-04
4.7248e-04
4.4944e-04
4.2752e-04
4.0667e-04
3.8684e-04
3.6797e-04
3.5002e-04
3.3295e-04
3.1671e-04
3.0127e-04
2.2276e-04
2.1189e-04
2.0156e-04
1.9173e-04
1.8238e-04
2.0017e-01
1.9041e-01
1.8112e-01
1.7229e-01
1.6389e-01
1.5590e-01
1.4829e-01
1.4106e-01
1.3418e-01
1.2764e-01
1.2141e-01
1.1549e-01
1.0986e-01
1.0450e-01
9.9403e-02
9.4555e-02
8.9944e-02
8.5557e-02
8.1384e-02
7.7415e-02
7.3576e-02
6.9988e-02
6.6574e-02
6.3327e-02
6.0239e-02
5.7301e-02
5.4506e-02
5.1848e-02
4.9319e-02
4.6914e-02
4.4626e-02
4.2450e-02
4.0379e-02
3.8410e-02
3.6537e-02
3.4755e-02
3.3060e-02
3.1447e-02
2.9914e-02
2.8455e-02
2.7067e-02
2.5747e-02
2.4491e-02
2.3297e-02
2.2161e-02
2.1080e-02
2.0052e-02
1.9074e-02
1.8144e-02
1.7259e-02
1.6417e-02
2.1562e-01
2.0510e-01
1.9510e-01
1.8558e-01
1.7653e-01
1.6792e-01
1.5973e-01
1.5194e-01
1.4453e-01
1.3748e-01
1.3078e-01
1.2440e-01
1.1833e-01
1.1256e-01
1.0707e-01
1.0185e-01
9.6883e-02
9.2158e-02
8.7663e-02
8.3388e-02
7.9321e-02
2.7545e-01
2.6202e-01
2.4924e-01
2.3708e-01
2.2552e-01
2.1452e-01
2.0406e-01
1.9411e-01
1.8464e-01
1.7564e-01
1.6707e-01
1.5892e-01
1.5117e-01
1.4380e-01
1.3679e-01
1.3011e-01
1.2377e-01
1.1773e-01
1.1199e-01
1.0653e-01
1.0133e-01
9.6391e-02
9.1690e-02
8.7218e-02
8.2965e-02
7.8918e-02
7.5070e-02
7.1408e-02
2.6793e-01
2.5486e-01
2.4243e-01
2.3061e-01
2.1936e-01
2.0866e-01
1.9848e-01
1.8880e-01
1.7960e-01
1.7084e-01
1.6251e-01
1.5458e-01
1.4704e-01
1.3987e-01
1.3305e-01
1.2656e-01
1.2039e-01
1.1452e-01
1.0893e-01
1.0362e-01
9.8564e-02
9.3757e-02
8.9185e-02
8.4835e-02
8.0698e-02
7.6762e-02
7.3018e-02
6.9457e-02
6.6070e-02
6.2847e-02
5.9782e-02
5.6867e-02
5.4093e-02
5.1455e-02
4.8946e-02
2.4656e-01
2.3453e-01
2.2310e-01
2.1221e-01
2.0187e-01
1.9202e-01
1.8266e-01
1.7375e-01
1.6527e-01
1.5721e-01
1.4955e-01
1.4225e-01
1.3531e-01
1.2871e-01
1.2244e-01
1.1647e-01
1.1079e-01
1.0538e-01
1.0024e-01
9.5354e-02
9.0704e-02
8.6280e-02
8.2072e-02
7.8069e-02
7.4262e-02
7.0640e-02
6.7131e-02
6.3857e-02
6.0743e-02
5.7780e-02
5.4962e-02
5.2282e-02
4.9732e-02
4.7307e-02
4.4999e-02
4.2805e-02
4.0717e-02
3.8731e-02
3.6842e-02
3.5046e-02
3.3336e-02
3.1711e-02
3.0164e-02
2.8693e-02
2.7294e-02
2.5962e-02
2.4696e-02
2.3492e-02
2.2346e-02
2.1256e-02
2.0220e-02
1.9233e-02
1.8295e-02
1.7403e-02
1.6554e-02
1.5747e-02
1.4979e-02
1.4248e-02
1.3554e-02
1.2893e-02
1.2264e-02
1.1666e-02
1.1097e-02
1.0556e-02
1.0041e-02
9.5510e-03
9.0852e-03
8.6421e-03
8.2206e-03
7.8197e-03
7.4384e-03
7.0756e-03
6.7305e-03
6.4022e-03
6.0900e-03
5.7930e-03
5.5105e-03
5.1779e-03
4.9254e-03
4.6852e-03
4.4567e-03
4.2393e-03
4.0325e-03
3.8359e-03
3.6488e-03
3.4708e-03
3.3016e-03
3.1406e-03
2.9874e-03
2.8417e-03
2.7031e-03
2.5713e-03
2.4459e-03
2.3266e-03
2.2131e-03
2.1052e-03
2.0025e-03
1.9048e-03
1.7481e-03
1.6629e-03
1.5818e-03
1.5046e-03
1.4312e-03
1.3614e-03
1.2950e-03
1.2319e-03
1.1718e-03
1.1147e-03
1.0603e-03
1.0086e-03
9.5939e-04
9.1260e-04
8.6809e-04
8.2575e-04
7.8548e-04
7.4717e-04
7.1073e-04
6.7607e-04
6.4310e-04
6.1173e-04
5.8190e-04
2.0055e-01
1.9077e-01
1.8147e-01
1.7262e-01
1.6420e-01
1.5613e-01
1.4851e-01
1.4127e-01
1.3438e-01
1.2783e-01
1.2159e-01
1.1566e-01
1.1002e-01
1.0466e-01
9.9551e-02
9.4696e-02
9.0078e-02
8.5685e-02
8.1506e-02
7.7531e-02
7.3749e-02
7.0153e-02
6.6731e-02
6.3477e-02
6.0381e-02
5.7436e-02
5.4635e-02
5.1970e-02
4.9436e-02
4.7025e-02
4.4731e-02
4.2550e-02
4.0475e-02
2.3850e-01
2.2687e-01
2.1580e-01
2.0528e-01
1.9527e-01
1.8574e-01
1.7669e-01
1.6800e-01
1.5981e-01
1.5202e-01
1.4460e-01
1.3755e-01
1.3084e-01
1.2446e-01
1.1839e-01
1.1262e-01
1.0712e-01
1.0190e-01
9.6930e-02
9.2203e-02
8.7706e-02
8.3429e-02
7.9360e-02
7.5489e-02
7.1808e-02
6.8306e-02
6.4974e-02
6.1805e-02
5.8791e-02
5.5924e-02
5.3196e-02
5.0602e-02
2.4813e-01
2.3603e-01
2.2452e-01
2.1357e-01
2.0316e-01
1.9325e-01
1.8382e-01
1.7486e-01
1.6633e-01
1.5822e-01
1.5050e-01
1.4316e-01
1.3618e-01
1.2954e-01
1.2322e-01
1.1721e-01
1.1149e-01
1.0606e-01
3.0088e-01
2.8621e-01
2.7225e-01
2.5897e-01
2.4634e-01
2.3433e-01
2.2290e-01
2.1203e-01
2.0169e-01
1.9185e-01
1.8250e-01
1.7359e-01
1.6513e-01
1.5708e-01
1.4941e-01
1.4213e-01
1.3520e-01
1.2860e-01
1.2233e-01
1.1636e-01
1.1069e-01
1.0529e-01
3.0016e-01
2.8552e-01
2.7159e-01
2.5835e-01
2.4575e-01
2.3376e-01
2.2236e-01
2.1152e-01
2.0120e-01
1.9139e-01
1.8205e-01
1.7317e-01
1.6473e-01
1.5669e-01
1.4905e-01
1.4178e-01
1.3487e-01
1.2829e-01
1.2203e-01
1.1608e-01
1.1042e-01
1.0504e-01
9.9913e-02
9.5040e-02
9.0405e-02
8.5996e-02
8.1802e-02
7.7812e-02
7.4017e-02
7.0408e-02
6.6974e-02
6.3707e-02
6.0600e-02
5.7645e-02
5.4833e-02
5.2159e-02
4.9615e-02
4.7196e-02
4.4894e-02
4.2704e-02
4.0622e-02
3.8640e-02
3.6756e-02
3.4963e-02
3.3258e-02
3.1636e-02
3.0093e-02
2.8626e-02
2.7229e-02
2.5901e-02
2.4638e-02
2.3437e-02
2.2294e-02
2.1206e-02
2.0172e-02
1.9188e-02
1.8189e-02
1.7302e-02
1.6458e-02
1.5655e-02
1.4892e-02
1.4165e-02
1.3474e-02
1.2817e-02
1.2192e-02
1.1598e-02
2.1103e-01
2.0074e-01
1.9095e-01
1.8164e-01
1.7278e-01
1.6435e-01
1.5634e-01
1.4871e-01
1.4146e-01
1.3456e-01
1.2800e-01
1.2175e-01
1.1582e-01
1.1017e-01
1.0480e-01
9.9684e-02
9.4823e-02
9.0198e-02
8.5799e-02
8.1615e-02
7.7634e-02
7.3848e-02
7.0246e-02
6.6757e-02
6.3501e-02
6.0404e-02
5.7458e-02
5.4656e-02
