Train time0
[ 39  42  45 108 236 237 258 309 327 330 370]
Train time1
[ 18  68 137 145 156 209 227 268 294 355 381]
Train time2
[ 21  36  61  88 120 143 181 194 247 279 341]
Train time3
[  1  10  23  72  94 172 282 293 316 334 351]
Train time4
[ 17  25  46  62  68 110 162 226 268 342 344]
Train time5
[ 30  48 113 139 141 178 192 311 321 334 365]
Train time6
[  7  21  67 103 171 204 274 314 346 361 385]
Train time7
[ 21  83 131 133 156 161 172 218 260 325 367]
Train time8
[ 12  16  31 116 203 219 223 231 249 291 387]
Train time9
[ 47  78  96  99 141 246 250 258 283 351 382]
