0.0000e+00
0.0000e+00
0.0000e+00
0.0000e+00
0.0000e+00
0.0000e+00
0.0000e+00
0.0000e+00
0.0000e+00
0.0000e+00
0.0000e+00
0.0000e+00
0.0000e+00
0.0000e+00
0.0000e+00
0.0000e+00
0.0000e+00
0.0000e+00
0.0000e+00
0.0000e+00
0.0000e+00
0.0000e+00
0.0000e+00
0.0000e+00
0.0000e+00
0.0000e+00
0.0000e+00
0.0000e+00
0.0000e+00
0.0000e+00
0.0000e+00
0.0000e+00
0.0000e+00
0.0000e+00
0.0000e+00
0.0000e+00
0.0000e+00
0.0000e+00
0.0000e+00
0.0000e+00
0.0000e+00
0.0000e+00
0.0000e+00
0.0000e+00
0.0000e+00
0.0000e+00
0.0000e+00
0.0000e+00
0.0000e+00
0.0000e+00
0.0000e+00
0.0000e+00
0.0000e+00
0.0000e+00
0.0000e+00
0.0000e+00
0.0000e+00
0.0000e+00
0.0000e+00
0.0000e+00
0.0000e+00
0.0000e+00
0.0000e+00
0.0000e+00
0.0000e+00
0.0000e+00
0.0000e+00
0.0000e+00
0.0000e+00
0.0000e+00
0.0000e+00
0.0000e+00
0.0000e+00
0.0000e+00
0.0000e+00
0.0000e+00
0.0000e+00
0.0000e+00
0.0000e+00
0.0000e+00
0.0000e+00
0.0000e+00
0.0000e+00
0.0000e+00
0.0000e+00
0.0000e+00
0.0000e+00
0.0000e+00
0.0000e+00
2.0000e-01
1.9025e-01
1.8097e-01
1.7214e-01
1.6375e-01
1.5576e-01
1.4816e-01
1.4094e-01
1.3406e-01
1.2753e-01
1.2131e-01
1.1539e-01
1.0976e-01
1.0441e-01
9.9317e-02
9.4473e-02
8.9866e-02
8.5483e-02
8.1314e-02
7.7348e-02
7.3576e-02
6.9988e-02
6.6574e-02
6.3327e-02
6.0239e-02
5.7301e-02
5.4506e-02
5.1848e-02
4.9319e-02
4.6914e-02
4.4626e-02
4.2450e-02
4.0379e-02
3.8410e-02
3.6537e-02
3.4755e-02
3.3060e-02
3.1447e-02
2.2991e-01
2.1870e-01
2.0803e-01
1.9789e-01
1.8824e-01
1.7906e-01
1.7032e-01
1.6202e-01
1.5412e-01
1.4660e-01
1.3945e-01
1.3265e-01
1.2618e-01
1.2003e-01
1.1417e-01
1.0860e-01
1.0331e-01
9.8269e-02
9.3476e-02
8.8917e-02
8.4581e-02
8.0455e-02
7.6532e-02
7.2799e-02
6.9249e-02
6.5871e-02
6.2659e-02
5.9603e-02
5.6696e-02
5.3931e-02
5.1301e-02
4.8799e-02
4.6419e-02
4.4155e-02
4.2001e-02
3.9953e-02
3.8004e-02
3.6151e-02
3.4388e-02
3.2711e-02
3.1115e-02
2.9598e-02
2.8154e-02
2.6781e-02
2.5475e-02
2.4233e-02
2.3051e-02
2.1927e-02
2.0857e-02
1.9840e-02
2.1887e-01
2.0820e-01
1.9804e-01
1.8839e-01
1.7920e-01
1.7046e-01
1.6214e-01
1.5424e-01
1.4671e-01
1.3956e-01
1.3275e-01
1.2628e-01
1.2012e-01
1.1426e-01
1.0869e-01
1.0339e-01
9.8346e-02
9.3549e-02
8.8987e-02
8.4647e-02
8.0519e-02
7.6592e-02
7.2856e-02
6.9303e-02
6.5923e-02
6.2708e-02
5.9650e-02
5.6741e-02
5.3973e-02
5.1341e-02
4.8837e-02
4.6455e-02
4.4190e-02
2.4203e-01
2.3023e-01
2.1900e-01
2.0832e-01
1.9816e-01
1.8850e-01
1.7930e-01
1.7056e-01
1.6224e-01
1.5433e-01
1.4680e-01
1.3964e-01
1.3283e-01
1.2635e-01
1.2019e-01
1.1433e-01
1.0875e-01
1.0345e-01
9.8404e-02
9.3605e-02
8.9039e-02
8.4697e-02
8.0566e-02
7.6637e-02
7.2899e-02
6.9344e-02
6.5962e-02
6.2745e-02
5.9685e-02
5.6774e-02
5.4005e-02
5.1371e-02
4.8866e-02
4.6483e-02
4.4216e-02
4.2059e-02
4.0008e-02
3.8057e-02
3.6201e-02
3.4435e-02
3.2692e-02
3.1098e-02
2.9581e-02
2.2814e-01
2.1701e-01
2.0643e-01
1.9636e-01
1.8678e-01
1.7767e-01
1.6901e-01
1.6077e-01
1.5293e-01
1.4547e-01
1.3837e-01
1.3162e-01
1.2520e-01
1.1910e-01
1.1329e-01
1.0776e-01
1.0251e-01
9.7510e-02
9.2754e-02
8.8230e-02
8.3927e-02
7.9834e-02
7.5941e-02
7.2237e-02
6.8714e-02
6.5363e-02
6.2175e-02
5.9143e-02
5.6258e-02
5.3514e-02
5.0905e-02
4.8422e-02
4.6060e-02
4.3814e-02
4.1677e-02
3.9581e-02
3.7650e-02
3.5814e-02
3.4067e-02
2.3241e-01
2.2107e-01
2.1029e-01
2.0003e-01
1.9028e-01
1.8100e-01
1.7217e-01
1.6377e-01
1.5579e-01
1.4819e-01
1.4096e-01
1.3409e-01
1.2755e-01
1.2133e-01
1.1541e-01
1.0978e-01
1.0443e-01
9.9334e-02
9.4489e-02
8.9881e-02
8.5497e-02
8.1328e-02
7.7361e-02
7.3588e-02
6.9999e-02
6.6585e-02
6.3338e-02
6.0249e-02
5.7311e-02
5.4516e-02
5.1857e-02
4.9328e-02
2.4692e-01
2.3488e-01
2.2342e-01
2.1253e-01
2.0216e-01
1.9230e-01
1.8292e-01
1.7400e-01
1.6552e-01
1.5744e-01
1.4977e-01
1.4246e-01
1.3551e-01
1.2890e-01
1.2255e-01
1.1658e-01
1.1089e-01
1.0548e-01
1.0034e-01
9.5445e-02
9.0790e-02
8.6362e-02
8.2150e-02
7.8144e-02
7.4333e-02
7.0707e-02
6.7259e-02
6.3979e-02
6.0859e-02
5.7890e-02
5.5067e-02
5.2381e-02
4.9827e-02
4.7397e-02
4.5085e-02
4.2886e-02
4.0795e-02
3.8805e-02
3.6913e-02
3.5112e-02
3.3400e-02
3.1771e-02
3.0221e-02
2.8748e-02
2.7345e-02
2.6012e-02
2.4743e-02
2.3473e-02
2.2328e-02
2.1239e-02
2.0203e-02
1.9218e-02
1.8281e-02
1.7389e-02
1.6541e-02
1.5734e-02
1.4967e-02
1.4237e-02
1.3543e-02
1.2882e-02
1.2254e-02
1.1656e-02
1.1088e-02
1.0547e-02
1.0033e-02
9.5433e-03
9.0778e-03
8.6351e-03
8.2140e-03
7.8134e-03
7.4323e-03
7.0698e-03
6.7250e-03
6.3970e-03
6.0851e-03
5.7883e-03
5.5060e-03
5.2375e-03
4.9820e-03
4.7390e-03
4.5079e-03
4.2881e-03
4.0789e-03
3.8800e-03
3.6908e-03
3.5108e-03
3.3396e-03
3.1767e-03
3.0218e-03
2.8744e-03
2.6704e-03
2.5401e-03
2.4163e-03
2.2984e-03
2.1863e-03
2.0797e-03
1.9783e-03
1.8818e-03
1.7900e-03
1.7027e-03
1.6197e-03
1.5407e-03
1.4655e-03
1.3941e-03
1.3261e-03
1.2614e-03
1.1999e-03
1.1414e-03
1.0857e-03
1.0327e-03
9.8238e-04
9.3446e-04
8.8889e-04
8.4554e-04
8.0430e-04
7.6507e-04
7.2776e-04
6.9227e-04
6.5851e-04
6.2639e-04
5.9584e-04
5.6678e-04
5.3914e-04
5.1284e-04
4.8783e-04
4.6404e-04
4.4141e-04
4.1988e-04
3.9940e-04
3.1610e-04
3.0069e-04
2.8602e-04
2.7207e-04
2.5880e-04
2.4618e-04
2.3418e-04
2.2276e-04
2.1189e-04
2.0156e-04
1.9173e-04
1.8238e-04
1.7348e-04
1.6502e-04
1.5697e-04
1.4932e-04
1.4203e-04
1.3511e-04
1.2852e-04
1.2225e-04
1.1629e-04
1.1062e-04
1.0522e-04
1.0009e-04
9.5209e-05
9.0565e-05
8.6149e-05
8.1947e-05
7.7950e-05
7.4149e-05
7.0532e-05
6.7093e-05
0.0000e+00
0.0000e+00
0.0000e+00
0.0000e+00
0.0000e+00
0.0000e+00
0.0000e+00
0.0000e+00
0.0000e+00
0.0000e+00
0.0000e+00
0.0000e+00
0.0000e+00
0.0000e+00
0.0000e+00
0.0000e+00
0.0000e+00
0.0000e+00
0.0000e+00
0.0000e+00
0.0000e+00
0.0000e+00
0.0000e+00
0.0000e+00
0.0000e+00
0.0000e+00
0.0000e+00
0.0000e+00
0.0000e+00
0.0000e+00
0.0000e+00
0.0000e+00
0.0000e+00
0.0000e+00
0.0000e+00
0.0000e+00
0.0000e+00
0.0000e+00
0.0000e+00
0.0000e+00
0.0000e+00
0.0000e+00
0.0000e+00
0.0000e+00
0.0000e+00
0.0000e+00
0.0000e+00
0.0000e+00
0.0000e+00
0.0000e+00
0.0000e+00
0.0000e+00
0.0000e+00
0.0000e+00
0.0000e+00
0.0000e+00
0.0000e+00
2.0000e-01
1.9025e-01
1.8097e-01
1.7214e-01
1.6375e-01
1.5576e-01
1.4816e-01
1.4094e-01
1.3406e-01
1.2753e-01
1.2131e-01
1.1539e-01
1.0976e-01
1.0441e-01
9.9317e-02
9.4473e-02
8.9866e-02
8.5483e-02
8.1314e-02
7.7348e-02
7.3576e-02
6.9988e-02
6.6574e-02
6.3327e-02
6.0239e-02
5.7301e-02
5.4506e-02
5.1848e-02
4.9319e-02
4.6914e-02
4.4626e-02
4.2450e-02
4.0379e-02
3.8410e-02
3.6537e-02
3.4755e-02
3.3060e-02
3.1447e-02
2.9914e-02
2.8455e-02
2.7067e-02
2.5747e-02
2.4491e-02
2.3297e-02
2.2216e-01
2.1133e-01
2.0102e-01
1.9122e-01
1.8189e-01
1.7302e-01
1.6458e-01
1.5655e-01
1.4892e-01
1.4166e-01
1.3475e-01
1.2818e-01
1.2192e-01
1.1598e-01
1.1032e-01
1.0494e-01
9.9823e-02
9.4955e-02
9.0324e-02
8.5919e-02
8.1728e-02
7.7742e-02
7.3951e-02
7.0344e-02
6.6913e-02
6.3650e-02
6.0546e-02
5.7593e-02
5.4784e-02
5.2112e-02
4.9571e-02
4.7153e-02
4.4853e-02
4.2666e-02
4.0585e-02
3.8606e-02
3.6723e-02
3.4932e-02
3.3228e-02
2.3161e-01
2.2031e-01
2.0957e-01
1.9935e-01
1.8962e-01
1.8038e-01
1.7158e-01
1.6321e-01
1.5525e-01
1.4768e-01
1.4048e-01
1.3363e-01
1.2711e-01
1.2091e-01
1.1501e-01
1.0940e-01
1.0407e-01
9.8993e-02
9.4165e-02
8.9572e-02
8.5204e-02
8.1048e-02
2.7710e-01
2.6358e-01
2.5073e-01
2.3850e-01
2.2687e-01
2.1580e-01
2.0528e-01
1.9527e-01
1.8574e-01
1.7668e-01
1.6807e-01
1.5987e-01
1.5207e-01
1.4466e-01
1.3760e-01
1.3089e-01
1.2451e-01
1.1843e-01
1.1266e-01
1.0716e-01
1.0194e-01
9.6966e-02
9.2237e-02
8.7739e-02
8.3460e-02
7.9389e-02
7.5517e-02
7.1834e-02
6.8331e-02
6.4998e-02
6.1828e-02
5.8813e-02
5.5945e-02
5.3216e-02
5.0621e-02
4.8152e-02
4.5804e-02
4.3570e-02
4.1445e-02
3.9424e-02
3.7501e-02
3.5672e-02
3.3932e-02
3.2277e-02
3.0703e-02
2.9206e-02
2.7781e-02
2.6426e-02
2.5138e-02
2.3912e-02
2.2745e-02
2.1636e-02
2.0581e-02
1.9577e-02
1.8622e-02
1.7714e-02
1.6786e-02
2.1597e-01
2.0543e-01
1.9542e-01
1.8589e-01
1.7682e-01
1.6820e-01
1.5999e-01
1.5219e-01
1.4477e-01
1.3771e-01
1.3099e-01
1.2460e-01
1.1853e-01
1.1275e-01
1.0725e-01
1.0202e-01
9.7041e-02
9.2308e-02
8.7806e-02
8.3524e-02
7.9450e-02
7.5575e-02
7.1889e-02
6.8383e-02
6.5048e-02
6.1876e-02
5.8858e-02
5.5988e-02
5.3257e-02
5.0660e-02
4.8189e-02
4.5839e-02
4.3603e-02
4.1477e-02
3.9454e-02
3.7530e-02
3.5699e-02
3.3958e-02
3.2302e-02
3.0727e-02
2.9228e-02
2.7803e-02
2.6447e-02
2.5093e-02
2.3869e-02
2.2705e-02
2.1598e-02
2.0544e-02
1.9542e-02
1.8589e-02
1.7683e-02
1.6820e-02
1.6000e-02
1.5220e-02
1.4477e-02
1.3771e-02
1.3100e-02
1.2461e-02
1.1853e-02
1.1275e-02
1.0725e-02
1.0202e-02
9.7045e-03
9.2312e-03
8.7810e-03
8.3527e-03
7.9454e-03
7.5579e-03
7.1893e-03
6.8386e-03
6.5051e-03
6.1879e-03
5.8861e-03
5.5990e-03
5.3259e-03
5.0662e-03
4.8191e-03
4.5841e-03
4.3605e-03
4.1478e-03
3.9456e-03
3.7531e-03
3.5063e-03
3.3353e-03
3.1726e-03
3.0179e-03
2.8707e-03
2.7307e-03
2.5975e-03
2.4708e-03
2.3503e-03
2.2357e-03
2.1267e-03
2.0229e-03
1.9243e-03
1.8304e-03
1.7412e-03
