u is [[ 2.99998778  3.99998544  3.99998657 ..., -3.99999595 -3.99999568
  -2.99999648]
 [ 2.99998842  3.99998581  3.99998691 ..., -3.99999557 -3.99999536
  -2.99999626]
 [ 2.99998545  3.99998357  3.99998615 ..., -3.9999957  -3.99999545
  -2.99999638]
 ..., 
 [-2.99999286 -3.99999069 -3.9999876  ..., -3.9999983  -3.9999983
  -2.99999876]
 [-2.99999363 -3.99999201 -3.99998909 ..., -3.99999831 -3.99999831
  -2.99999876]
 [-2.99999548 -3.99999346 -3.99998949 ..., -3.99999829 -3.99999825
  -2.99999869]]